21 498 505 499 506 500 507 501 507 502 508 503 509 504 509 505 510 506 510 507 510 508 510 507 509 507 508 506 508 505 507 504 507 503 507 502 507 501 506 500 506 499 505 
14 140 496 139 497 138 498 139 499 140 499 141 499 142 498 143 499 144 498 145 498 144 497 143 496 142 496 141 496 
103 170 492 169 493 168 493 167 494 166 495 167 496 167 497 166 498 165 499 164 499 163 499 162 499 161 499 160 499 159 498 158 499 157 500 156 499 157 500 158 500 159 500 160 501 161 502 161 503 161 504 160 505 161 506 162 506 163 505 164 505 165 505 166 505 167 504 168 505 169 506 168 507 167 508 166 509 165 510 166 510 167 510 168 510 169 510 170 510 171 510 172 510 173 510 174 510 175 510 175 509 175 508 175 507 175 506 176 505 177 504 178 503 179 503 180 502 181 503 182 504 183 505 183 506 183 507 184 508 184 509 184 510 185 510 186 509 187 510 188 510 188 509 187 508 187 507 187 506 186 505 185 506 184 505 183 504 184 503 184 502 183 502 182 501 181 500 182 499 181 499 180 499 179 500 178 501 177 500 176 500 175 500 174 500 173 499 172 498 171 497 170 497 169 496 168 495 169 494 170 493 171 493 172 493 171 493 
29 98 492 97 493 96 494 95 495 95 496 96 496 97 497 98 496 99 496 100 496 101 496 102 497 103 498 103 499 103 500 104 499 104 498 104 497 103 496 103 495 104 494 105 493 105 492 104 492 103 492 102 492 101 492 100 492 99 492 
30 289 490 288 491 287 492 288 493 288 494 288 495 287 496 286 497 287 498 287 499 288 500 289 501 288 502 289 503 290 503 291 502 291 501 291 500 292 499 291 498 292 497 293 496 294 496 295 495 294 494 293 494 292 493 291 492 291 491 290 491 
18 182 490 181 491 180 491 179 491 178 491 177 492 176 492 175 492 174 493 175 494 176 495 177 496 178 495 179 494 180 494 180 493 181 492 182 491 
31 426 486 426 487 425 488 424 489 423 490 422 491 421 491 420 490 419 489 418 488 419 489 419 490 420 491 420 492 421 493 422 494 422 495 423 495 424 496 424 495 424 494 425 493 426 492 427 493 427 492 428 491 429 490 428 489 428 488 428 487 427 487 
23 36 486 36 487 35 488 35 489 35 490 35 491 35 492 34 493 35 494 34 495 35 496 36 495 37 496 37 495 37 494 38 493 37 492 37 491 38 490 38 489 38 488 38 487 37 486 
13 153 483 152 484 152 485 152 486 153 486 154 486 155 485 156 484 157 484 157 483 156 483 155 483 154 483 
19 170 481 169 482 168 483 167 483 166 483 165 484 164 484 165 485 166 485 167 484 168 483 169 483 170 484 171 484 172 484 172 483 173 482 172 481 171 481 
36 79 481 79 482 79 483 79 484 78 485 78 486 77 487 76 488 75 488 76 488 77 487 78 487 79 486 80 486 81 486 82 487 83 488 84 488 85 488 86 488 86 487 86 486 87 485 87 484 86 483 85 483 85 484 84 485 83 486 82 485 81 484 81 483 82 482 82 481 81 481 80 481 
18 123 480 123 481 123 482 123 483 124 484 125 484 126 484 127 484 128 483 129 484 130 484 129 483 128 482 128 481 127 480 126 480 125 480 124 481 
215 290 478 289 479 288 480 287 480 286 479 285 480 284 481 283 481 282 481 281 480 280 479 279 479 279 480 278 481 277 482 278 483 278 484 278 485 278 486 279 487 280 488 279 489 278 490 277 489 276 489 275 488 274 487 273 487 272 487 272 488 273 489 274 490 275 491 276 492 277 492 278 491 279 492 280 493 279 494 280 495 280 496 279 497 278 498 277 497 276 497 275 498 274 499 273 498 272 498 271 497 270 496 269 497 268 496 267 497 266 496 265 496 264 497 265 498 264 499 263 500 262 499 261 498 262 497 261 497 260 498 259 499 258 498 257 497 256 497 255 497 254 496 253 497 252 497 252 498 251 499 251 500 251 501 251 502 251 503 252 503 253 502 254 503 255 504 255 505 255 506 256 506 257 507 258 508 257 509 256 510 255 510 256 510 257 510 258 510 259 510 260 509 261 508 262 507 263 508 264 507 265 506 266 507 267 508 267 509 268 510 269 510 270 510 271 510 272 510 273 510 273 509 273 508 272 507 272 506 271 505 271 504 272 503 273 502 274 501 275 500 276 500 277 499 278 498 279 498 280 499 281 500 280 501 279 502 278 503 278 504 279 505 279 506 280 507 279 508 278 509 279 510 280 510 281 510 282 510 283 510 284 509 285 508 285 507 284 506 283 506 282 506 281 505 280 504 281 503 282 502 283 502 283 501 283 500 282 499 281 498 281 497 282 496 282 495 282 494 282 493 282 492 282 491 283 490 284 489 285 489 286 489 286 488 287 487 288 486 289 486 290 486 291 487 292 488 293 489 294 490 295 491 296 491 297 490 298 491 299 490 300 489 301 488 301 487 302 486 303 485 302 484 301 484 302 485 301 486 300 487 299 486 298 485 299 484 298 483 297 482 298 481 299 480 300 481 301 482 302 481 302 480 303 479 303 478 302 478 301 479 300 479 299 480 298 480 297 481 296 480 295 481 294 482 293 481 292 480 291 479 
95 203 476 202 477 201 477 200 478 199 478 199 479 199 480 200 481 201 482 200 483 199 484 198 485 197 485 196 485 195 485 194 485 193 485 192 484 191 483 190 483 189 484 188 484 187 484 186 485 185 486 185 487 185 488 186 488 187 488 188 487 189 487 190 487 191 487 192 488 193 489 193 490 192 491 193 492 192 493 191 494 190 495 189 496 188 497 188 498 188 499 188 500 188 501 188 502 189 503 190 503 191 503 192 502 193 501 194 500 195 501 195 500 195 499 194 498 194 497 194 496 193 495 193 494 194 493 195 492 196 491 197 492 198 491 199 490 200 490 199 489 200 488 201 487 202 488 202 487 202 486 202 485 202 484 203 483 204 482 205 483 206 482 207 482 208 482 209 481 209 480 210 479 211 478 210 477 210 476 209 476 208 476 207 476 206 476 205 476 204 476 
18 89 472 90 473 90 474 91 474 92 475 93 476 93 477 94 477 94 476 95 475 95 474 95 473 95 472 94 472 93 472 92 473 91 474 90 473 
16 139 471 138 472 137 473 136 472 135 472 134 472 134 473 135 474 136 475 137 476 138 476 139 476 139 475 139 474 139 473 139 472 
20 10 467 9 468 8 468 8 469 7 470 8 469 9 470 10 471 10 472 10 473 11 473 12 473 13 472 14 471 15 470 15 469 14 468 13 467 12 467 11 467 
30 195 463 195 464 195 465 194 466 193 467 192 466 191 465 190 464 189 465 189 466 188 467 187 468 186 469 185 470 186 471 186 472 187 472 188 472 189 471 189 470 190 469 191 468 192 467 193 467 194 468 193 467 194 466 195 465 196 464 196 463 
43 289 461 289 462 289 463 290 464 290 465 290 466 289 467 290 466 291 466 292 467 293 468 292 469 292 470 292 471 292 472 292 473 292 474 293 474 294 475 295 476 296 476 297 476 297 475 296 474 295 473 295 472 294 471 295 470 296 469 296 468 296 467 295 466 295 465 294 465 293 466 292 465 291 464 292 463 292 462 293 461 292 461 291 461 290 461 
24 174 461 173 462 172 462 171 463 171 464 171 465 172 465 173 464 174 463 175 464 176 465 175 466 175 467 176 467 177 466 178 466 179 465 179 464 179 463 178 462 177 463 176 464 175 463 174 462 
28 105 461 106 462 105 463 105 464 105 465 104 466 103 467 102 466 102 467 103 468 104 468 105 469 106 470 107 471 108 471 109 470 110 469 111 469 110 469 109 468 108 467 109 466 109 465 108 464 107 463 107 462 107 461 106 461 
21 18 461 17 462 16 462 17 463 17 464 18 465 19 466 20 466 21 467 22 466 23 466 23 465 24 464 25 463 25 462 24 462 23 463 22 463 21 462 20 461 19 462 
19 153 455 152 456 151 456 150 457 149 458 149 459 150 459 151 460 152 461 153 461 154 462 155 462 156 462 157 461 156 460 155 459 154 458 154 457 154 456 
18 97 455 96 456 96 457 95 458 94 459 94 460 94 461 95 462 95 463 96 464 97 463 97 462 97 461 98 460 98 459 98 458 97 457 97 456 
15 287 453 287 454 287 455 287 456 288 457 289 456 290 456 291 456 292 456 293 457 292 456 291 455 290 454 289 453 288 453 
36 171 451 171 452 170 453 169 454 168 455 167 456 168 457 167 458 166 459 165 459 164 459 163 460 162 461 162 462 163 463 164 463 165 463 166 464 166 463 167 462 168 461 169 461 170 460 171 459 172 458 173 457 174 457 174 456 175 455 175 454 175 453 176 452 175 453 174 452 173 452 172 451 
26 136 450 136 451 135 452 135 453 134 454 133 455 132 456 132 457 133 457 134 457 135 457 136 456 135 455 134 454 135 453 136 452 137 452 138 452 139 452 140 452 141 452 140 451 140 450 139 450 138 450 137 450 
33 83 450 83 451 82 452 82 453 81 454 80 455 79 455 78 456 77 456 76 456 77 457 78 458 79 458 80 459 81 460 82 459 83 458 84 459 85 460 85 461 86 460 87 460 88 459 87 458 86 459 85 458 84 457 84 456 83 455 83 454 83 453 83 452 83 451 
34 290 449 291 449 292 449 293 450 294 451 293 452 294 453 295 454 296 454 297 454 298 455 299 456 300 456 301 457 302 457 302 456 302 455 301 454 301 453 302 452 303 451 302 452 301 453 300 453 299 452 298 451 298 450 297 450 296 450 295 450 294 449 293 449 292 449 291 449 
13 311 444 311 445 311 446 311 447 312 447 313 447 314 448 315 447 315 446 314 445 314 444 313 444 312 444 
175 231 440 230 441 229 441 228 442 228 443 229 444 228 445 229 445 230 446 231 446 232 446 233 447 234 448 235 449 234 450 233 451 232 451 231 451 232 452 232 453 231 454 231 455 232 456 231 457 230 458 229 459 228 459 227 458 226 457 225 456 225 455 226 454 227 453 227 452 227 451 226 451 225 451 224 451 223 450 222 449 222 448 223 447 224 446 225 446 224 446 223 446 222 446 222 447 221 448 220 449 220 450 219 451 219 452 220 453 221 454 220 455 221 456 221 457 221 458 220 459 219 460 218 460 217 460 217 461 217 462 216 463 215 464 214 463 213 462 212 462 212 463 211 464 210 465 210 466 210 467 211 468 210 469 211 470 212 471 213 472 214 472 213 471 214 470 215 469 216 468 215 469 214 469 213 468 212 467 212 466 213 465 214 464 215 465 216 464 217 463 218 464 219 464 220 464 221 464 222 463 223 463 224 463 225 462 226 463 227 463 228 464 229 465 229 466 230 465 230 464 229 463 230 462 231 461 232 462 233 463 234 464 234 465 235 464 236 463 237 463 238 463 237 462 236 461 237 460 238 459 239 459 240 460 240 459 239 459 238 459 237 458 236 457 235 456 236 455 236 454 237 453 238 452 239 452 240 452 241 452 242 452 243 452 244 451 245 452 246 453 245 452 244 451 245 450 246 449 247 449 248 449 249 449 249 448 249 447 248 446 248 445 247 444 247 443 248 442 247 443 246 443 245 443 244 444 243 443 242 443 241 444 240 443 239 443 238 442 237 442 236 442 235 442 234 442 233 441 232 440 
15 188 439 187 440 187 441 187 442 187 443 187 444 186 445 187 444 188 443 189 442 190 441 190 440 191 439 190 439 189 439 
18 404 437 403 438 402 438 402 439 402 440 402 441 401 442 402 442 403 441 404 440 405 439 406 440 407 441 408 440 407 439 407 438 406 437 405 437 
17 9 437 8 438 7 438 8 439 8 440 8 441 9 441 10 441 11 441 12 440 13 440 14 439 13 438 13 437 12 437 11 437 10 437 
16 242 433 241 434 240 434 240 435 239 436 239 437 239 438 240 438 241 438 242 438 243 438 244 437 245 436 245 435 244 434 243 434 
20 161 433 160 434 159 434 158 435 157 436 156 437 155 438 154 439 154 440 155 439 156 438 157 438 158 438 159 437 160 437 161 437 162 436 162 435 163 434 162 434 
14 304 431 303 432 303 433 304 434 305 434 306 435 307 434 308 434 309 433 309 432 308 432 307 432 306 432 305 431 
54 292 427 292 428 291 429 291 430 292 431 293 432 292 433 292 434 293 435 294 435 295 436 296 437 297 438 296 439 295 440 296 441 296 442 296 443 297 443 298 444 299 443 300 444 301 445 302 446 303 447 304 447 303 446 302 445 302 444 303 443 304 442 304 441 305 440 304 441 303 442 302 441 301 440 302 439 301 439 300 438 299 437 298 436 298 435 297 434 296 435 295 435 294 434 293 433 293 432 293 431 292 430 293 429 293 428 293 427 
26 94 427 93 428 92 428 92 429 92 430 92 431 92 432 93 433 93 434 94 435 94 436 95 437 96 438 97 438 98 438 98 437 98 436 98 435 98 434 98 433 97 432 97 431 96 430 96 429 96 428 95 427 
33 242 425 241 426 241 427 241 428 241 429 242 429 243 429 244 429 245 429 246 428 247 429 248 430 248 431 249 432 249 433 248 434 247 435 247 436 248 435 249 434 250 433 250 432 250 431 251 430 250 429 250 428 249 428 248 427 247 426 246 425 245 425 244 425 243 425 
11 305 423 304 424 305 425 306 426 307 426 308 426 309 425 309 424 308 423 307 423 306 423 
21 296 422 295 423 295 424 295 425 296 426 297 427 298 428 298 429 297 430 298 431 299 430 300 430 301 430 301 429 301 428 301 427 300 427 299 426 298 425 298 424 297 423 
16 135 418 134 419 134 420 135 421 135 422 134 423 135 423 136 423 137 423 137 422 138 421 138 420 138 419 138 418 137 418 136 418 
20 250 417 249 418 248 419 247 419 246 420 246 421 246 422 247 421 248 421 249 422 250 423 251 424 252 423 253 422 254 421 253 420 253 419 252 418 252 417 251 417 
23 208 416 207 417 206 418 205 419 204 420 205 421 206 421 207 422 208 423 209 422 210 421 211 420 212 421 213 421 214 421 215 420 214 420 213 420 212 420 211 419 210 418 210 417 209 416 
13 490 412 490 413 490 414 490 415 490 416 491 416 492 415 493 414 494 413 494 412 493 412 492 412 491 412 
16 186 411 185 412 184 412 184 413 184 414 185 414 186 415 187 414 188 414 189 413 190 413 190 412 190 411 189 411 188 411 187 411 
20 319 404 318 405 318 406 318 407 318 408 318 409 318 410 319 410 320 410 321 409 322 409 323 409 323 408 324 407 324 406 324 405 323 405 322 404 321 404 320 404 
48 219 402 218 403 217 404 217 405 217 406 217 407 217 408 216 409 216 410 216 411 217 411 218 412 219 413 220 414 219 415 218 416 219 417 220 417 221 416 221 415 222 414 222 413 222 412 222 411 221 411 220 411 219 412 218 412 217 411 216 410 217 409 218 408 219 407 220 407 221 407 222 406 223 407 224 406 225 406 226 405 225 406 224 405 223 404 224 403 223 402 222 402 221 402 220 402 
30 102 400 102 401 101 402 101 403 101 404 101 405 101 406 100 407 100 408 100 409 100 410 101 411 102 412 102 413 103 413 103 412 103 411 104 410 103 409 103 408 102 407 103 406 104 405 105 405 104 404 104 403 104 402 104 401 104 400 103 400 
17 342 399 341 400 340 400 339 400 339 401 340 402 340 403 341 403 342 403 343 402 344 402 345 402 346 402 346 401 345 400 344 400 343 400 
23 195 399 194 400 193 400 192 401 191 402 191 403 190 404 189 405 188 405 189 406 189 407 190 407 191 406 192 406 192 405 192 404 193 403 194 402 195 402 195 401 196 400 197 399 196 399 
119 280 398 279 399 278 399 277 399 276 400 275 401 274 402 273 402 274 403 274 404 273 405 272 406 271 405 270 406 270 407 270 408 269 409 268 410 267 411 266 412 265 412 264 412 263 412 262 412 261 412 260 413 259 413 259 414 260 415 261 414 262 415 263 416 262 417 261 418 260 419 261 420 262 421 262 422 263 422 263 421 264 420 265 419 266 420 267 420 268 419 268 418 268 417 269 416 269 415 269 414 270 413 270 412 269 411 270 410 271 409 272 410 273 411 272 412 272 413 273 414 274 413 275 413 276 414 277 415 276 416 275 417 274 417 273 417 274 417 275 417 276 417 277 416 278 416 278 415 278 414 277 413 277 412 277 411 278 410 278 409 278 408 278 407 277 406 277 405 278 404 278 403 279 402 280 401 281 402 282 403 283 404 283 405 283 406 283 407 283 408 283 409 283 410 284 410 285 410 284 409 283 408 284 407 285 406 286 407 287 406 288 406 288 405 287 404 288 403 287 402 287 401 287 400 287 399 286 398 285 399 284 400 283 399 282 399 281 398 
32 206 398 206 399 206 400 205 401 204 402 203 402 202 403 202 404 202 405 203 405 204 404 205 404 206 405 205 404 205 403 206 402 207 401 208 402 209 403 209 404 208 405 209 405 210 404 211 403 212 402 212 401 212 400 211 400 210 399 209 398 208 398 207 398 
28 159 398 158 399 157 399 156 400 155 400 154 401 155 402 154 403 153 404 152 404 151 404 151 405 150 406 151 407 152 407 153 407 153 406 154 405 154 404 154 403 155 402 156 401 157 400 158 400 159 400 160 399 161 399 160 398 
18 181 396 180 397 180 398 180 399 180 400 181 401 180 402 180 403 181 404 182 405 183 404 183 403 183 402 183 401 183 400 182 399 182 398 182 397 
25 260 392 259 393 258 394 259 395 260 396 261 396 262 397 263 397 264 397 265 396 266 395 267 396 268 397 269 397 269 396 269 395 268 395 267 396 266 395 265 394 265 393 264 392 263 392 262 392 261 392 
13 306 390 305 391 304 392 304 393 304 394 305 394 306 395 307 395 308 394 309 393 308 392 308 391 307 391 
16 321 388 321 389 322 390 321 391 322 392 322 393 323 393 324 392 325 392 325 391 325 390 325 389 325 388 324 388 323 388 322 389 
17 315 388 314 389 313 390 312 390 313 391 314 392 314 393 315 394 316 394 317 394 317 393 318 392 319 391 318 390 318 389 317 389 316 388 
22 158 388 157 389 156 389 156 390 156 391 157 391 158 392 159 392 160 391 161 392 162 392 163 393 164 393 165 393 166 393 165 393 164 392 163 391 162 390 161 389 160 388 159 388 
17 330 385 330 386 330 387 331 388 332 388 333 388 334 389 333 388 334 387 335 386 336 387 336 386 335 385 334 385 333 385 332 385 331 385 
14 174 385 173 386 172 387 173 387 174 388 175 388 176 389 177 389 178 389 179 388 178 387 177 386 176 386 175 385 
48 218 384 217 385 216 385 215 385 214 386 214 387 214 388 213 389 212 390 211 390 210 391 209 392 208 392 207 392 206 391 205 391 204 391 203 391 202 392 201 392 200 391 201 392 200 393 201 393 202 393 203 394 204 394 205 393 206 393 207 392 208 392 209 392 210 393 211 393 212 393 213 394 214 394 215 393 216 392 217 392 217 391 216 390 217 389 218 388 219 387 220 387 220 386 219 385 
17 496 382 495 383 495 384 495 385 494 386 495 386 496 387 497 388 498 388 499 388 500 387 500 386 500 385 499 384 499 383 498 382 497 382 
21 474 381 474 382 473 383 473 384 473 385 473 386 474 387 475 388 476 388 477 388 478 388 479 387 480 387 480 386 480 385 479 384 479 383 478 382 477 382 476 382 475 382 
17 252 381 251 382 250 382 249 383 248 383 249 384 250 385 249 386 250 386 251 386 252 386 253 386 254 385 255 384 255 383 254 382 253 382 
13 507 380 506 381 505 381 505 382 505 383 505 384 506 383 507 384 508 383 509 383 510 382 509 381 508 381 
26 195 379 194 380 193 380 193 381 194 382 195 383 194 384 193 385 194 386 194 387 193 388 193 389 194 389 195 390 196 390 197 389 198 388 197 387 196 387 195 386 194 385 195 384 195 383 195 382 196 381 195 380 
23 359 377 358 378 358 379 359 380 359 381 360 382 360 383 361 383 362 384 363 385 363 386 363 387 363 386 363 385 363 384 362 383 362 382 362 381 361 380 362 379 362 378 361 377 360 377 
22 493 373 492 374 491 374 490 375 490 376 491 377 491 378 492 378 493 378 494 377 495 378 496 377 497 378 498 379 499 378 500 377 499 377 498 376 497 376 496 375 495 374 494 373 
16 396 373 395 374 395 375 395 376 396 377 396 378 396 379 397 380 397 381 397 380 397 379 397 378 397 377 398 376 398 375 397 374 
31 425 372 425 373 424 374 423 375 423 376 423 377 422 378 422 379 422 380 422 381 422 382 421 383 421 384 421 385 420 386 420 387 421 387 421 386 422 385 422 384 422 383 422 382 422 381 423 380 423 379 423 378 424 377 424 376 424 375 425 374 425 373 
56 284 372 283 373 282 373 281 374 280 375 280 376 279 377 278 378 277 378 276 379 275 379 274 380 273 380 272 380 271 380 270 380 269 379 268 379 269 380 268 381 267 382 266 383 265 384 264 385 263 385 262 384 262 385 263 386 264 386 265 385 266 385 267 384 268 385 269 385 270 384 271 383 272 383 273 383 274 383 275 384 276 384 277 383 278 383 279 383 280 383 280 382 280 381 281 380 282 379 283 378 283 377 284 376 284 375 284 374 284 373 285 372 
22 206 371 206 372 206 373 206 374 207 375 206 376 207 377 208 378 208 379 208 380 209 380 210 379 211 379 211 378 211 377 210 376 209 375 209 374 209 373 208 372 208 371 207 371 
14 348 370 347 371 346 372 345 372 345 373 344 374 345 374 346 374 347 374 348 374 349 373 349 372 349 371 349 370 
40 265 369 264 370 263 371 262 370 261 370 260 370 259 370 258 370 258 371 257 372 256 373 255 374 254 375 253 375 252 376 252 377 253 378 254 378 255 377 256 377 257 376 258 376 258 375 259 374 259 373 259 372 260 371 261 370 262 370 263 371 264 372 263 373 262 374 263 373 264 374 265 374 265 373 264 372 264 371 265 370 
15 26 369 25 370 24 370 23 370 23 371 23 372 24 373 25 373 26 372 27 371 28 372 27 371 28 370 28 369 27 369 
23 199 368 198 369 198 370 198 371 199 372 199 373 200 374 201 375 201 376 200 377 200 378 201 378 202 378 203 377 202 376 203 375 202 374 201 373 202 372 201 371 201 370 200 369 200 368 
17 187 368 186 369 185 370 185 371 184 372 185 373 186 373 187 373 188 373 189 373 190 373 190 372 189 371 189 370 189 369 189 368 188 368 
37 178 366 178 367 177 368 178 369 178 370 177 371 178 372 179 372 180 372 181 373 182 374 183 375 182 376 182 377 182 378 182 379 182 380 183 380 184 380 185 381 186 380 187 380 187 379 187 378 186 377 185 376 184 376 183 375 182 374 181 373 180 372 180 371 181 370 180 369 180 368 180 367 179 366 
19 484 364 483 365 483 366 484 367 484 368 483 369 484 370 485 371 485 370 485 369 484 368 485 367 486 366 487 365 488 366 488 365 487 364 486 364 485 364 
14 210 363 209 364 210 365 211 366 211 367 211 368 211 369 212 369 213 369 213 368 213 367 213 366 212 365 211 364 
35 376 361 376 362 376 363 376 364 375 365 375 366 374 367 374 368 374 369 374 370 374 371 374 372 374 373 374 374 374 375 374 376 374 377 375 377 375 376 376 375 376 374 376 373 377 372 377 371 377 370 377 369 377 368 377 367 378 366 379 365 379 364 379 363 379 362 378 362 377 361 
24 361 361 361 362 360 363 360 364 360 365 360 366 359 367 360 368 360 369 361 370 361 371 361 372 362 371 362 370 362 369 362 368 363 367 363 366 363 365 363 364 363 363 363 362 363 361 362 361 
13 504 360 503 361 503 362 502 363 502 364 502 365 503 366 504 366 505 365 506 364 506 363 505 362 504 361 
16 202 360 202 361 202 362 201 363 201 364 201 365 202 365 203 365 204 366 203 365 204 364 205 363 205 362 204 361 204 360 203 361 
24 490 356 490 357 489 358 488 359 488 360 489 361 490 362 490 363 491 364 490 365 490 366 491 367 492 366 492 365 492 364 492 363 492 362 493 361 492 360 492 359 492 358 492 357 492 356 491 356 
17 111 355 110 356 110 357 110 358 111 358 112 359 113 360 113 361 114 362 114 361 114 360 114 359 113 358 114 357 114 356 113 356 112 355 
13 276 354 275 355 274 355 273 355 272 355 272 356 273 357 274 357 275 357 276 357 277 356 277 355 277 354 
108 255 354 255 355 254 356 253 357 252 357 251 358 250 359 249 359 248 359 247 358 246 358 245 358 244 359 244 360 245 361 245 362 245 363 246 362 247 361 248 362 249 363 248 364 247 365 247 366 248 367 247 368 246 369 245 369 244 369 243 370 242 369 241 370 241 371 241 372 242 373 243 373 244 374 245 375 245 376 245 377 245 378 246 378 247 379 248 378 249 377 248 376 247 375 246 374 247 373 248 372 249 372 249 371 248 372 247 372 246 371 245 370 246 369 247 368 248 368 249 369 249 368 248 367 247 366 248 365 249 364 250 363 251 362 252 362 253 363 254 364 255 365 254 366 253 367 252 367 251 368 252 368 253 367 254 366 255 365 256 365 257 365 256 364 255 363 256 362 257 361 258 362 259 362 260 361 261 360 262 360 263 360 264 360 264 359 264 358 263 358 262 359 261 359 260 359 259 358 258 358 257 358 256 358 255 357 254 356 255 355 256 354 257 354 256 354 
167 311 353 310 354 310 355 310 356 311 355 312 355 313 356 314 357 314 358 315 358 316 357 317 358 318 359 318 360 317 361 316 362 315 361 314 361 313 362 312 362 311 363 310 362 309 362 308 362 307 361 306 360 305 360 304 360 304 361 305 361 306 361 307 361 308 362 309 363 309 364 310 365 309 366 308 367 307 368 306 368 305 369 306 370 306 371 307 371 308 372 309 373 309 374 310 375 311 376 311 377 310 378 311 379 312 379 313 378 314 378 315 377 316 377 317 377 318 376 317 375 316 374 316 373 316 372 317 371 318 370 319 371 320 370 321 371 322 370 323 370 324 370 325 370 326 370 327 369 328 370 329 371 329 372 329 373 328 374 327 375 326 374 327 375 326 376 325 377 324 377 324 378 325 379 326 379 327 379 328 379 329 379 330 378 331 378 332 378 333 378 334 377 334 376 333 375 332 374 331 373 331 372 332 371 333 370 334 369 335 370 336 371 336 372 336 373 337 373 338 374 339 374 340 373 341 372 340 371 339 370 338 370 337 370 336 369 335 368 334 369 333 369 332 369 331 368 332 369 331 370 330 371 329 370 328 369 329 368 328 367 327 367 326 367 325 367 324 368 323 368 322 369 321 370 320 369 319 368 319 367 318 366 319 365 319 364 318 364 317 363 316 362 317 361 318 360 319 360 320 360 321 359 322 358 321 357 320 356 320 355 319 355 318 354 319 355 318 356 317 357 316 357 315 357 314 356 313 355 313 354 313 353 312 353 
15 301 353 300 354 299 355 300 356 301 355 302 356 303 356 304 356 305 356 306 356 305 355 305 354 304 353 303 353 302 353 
20 137 353 136 354 137 355 136 356 135 357 135 358 135 359 134 360 135 360 136 361 137 361 138 362 138 361 139 360 140 359 139 358 138 357 138 356 138 355 138 354 
17 464 348 463 349 462 350 462 351 463 351 464 351 465 351 466 351 467 351 468 352 469 352 469 351 469 350 468 349 467 348 466 348 465 348 
23 447 347 446 348 446 349 445 350 446 349 447 349 448 350 449 349 450 350 451 349 452 348 453 349 454 350 454 349 455 348 455 347 454 347 453 348 452 348 451 347 450 347 449 347 448 347 
19 318 347 317 348 318 349 318 350 319 350 320 351 321 350 322 351 323 351 324 351 324 350 325 349 324 349 323 350 322 349 321 348 321 347 320 347 319 348 
23 280 347 279 348 278 349 278 350 279 351 280 351 281 351 282 351 283 351 282 350 283 349 284 348 285 349 286 350 285 351 286 350 286 349 286 348 285 347 284 347 283 347 282 347 281 347 
14 163 346 163 347 162 348 162 349 161 350 161 351 162 352 163 351 164 351 164 350 165 349 165 348 165 347 164 346 
14 304 345 303 346 302 346 302 347 302 348 303 349 304 350 305 350 306 350 307 349 307 348 307 347 306 346 305 346 
57 325 340 324 341 323 342 322 343 321 343 320 342 319 343 320 343 321 343 322 343 323 344 324 345 325 344 326 345 327 345 328 346 329 345 330 346 331 347 331 348 332 349 331 350 330 351 329 351 328 350 327 351 328 352 328 353 328 354 328 355 329 355 330 354 331 354 332 354 333 353 333 352 332 351 333 350 334 349 335 350 336 349 337 348 338 349 337 348 336 347 337 346 336 346 335 346 334 346 333 346 332 345 331 344 330 344 329 343 328 342 327 342 326 341 
25 250 340 250 341 249 342 250 341 251 341 252 340 253 341 254 342 255 343 256 344 257 345 258 345 259 345 260 344 260 343 260 342 259 342 258 341 257 340 256 340 255 340 254 340 253 340 252 340 251 340 
13 451 339 451 340 450 341 451 342 452 343 451 344 452 344 453 344 454 343 455 342 454 341 453 340 452 339 
26 218 339 217 340 216 340 215 340 215 341 216 341 217 341 218 342 219 343 220 344 220 345 221 346 222 346 223 346 224 345 224 344 224 343 224 342 223 342 222 343 221 342 220 341 221 340 221 339 220 340 219 339 
22 468 337 468 338 467 339 468 340 469 340 470 341 471 341 472 342 473 342 474 343 475 344 476 343 477 343 477 342 476 341 475 342 474 341 473 340 472 340 471 339 470 338 469 337 
18 486 333 486 334 487 335 487 336 487 337 487 338 487 339 488 339 489 339 490 339 490 338 489 337 489 336 488 335 489 334 489 333 488 333 487 333 
15 230 332 229 333 228 333 227 333 226 334 226 335 227 336 228 336 229 337 230 337 231 337 231 336 231 335 231 334 231 333 
26 106 324 106 325 105 326 105 327 104 328 105 329 105 330 106 331 107 332 107 333 107 334 106 335 106 336 107 335 108 334 109 335 108 334 109 333 110 332 109 331 108 330 108 329 108 328 108 327 107 326 107 325 
13 362 321 363 322 364 323 365 324 366 325 367 325 368 324 368 323 367 322 366 321 365 321 364 321 363 321 
78 335 319 334 320 333 320 332 320 331 321 331 322 332 323 333 324 334 324 335 324 336 325 337 326 338 326 339 326 340 327 341 327 342 328 343 329 344 330 343 331 343 332 343 333 343 334 344 335 345 335 346 334 347 333 348 332 348 331 349 330 350 329 351 328 352 328 353 329 354 330 353 331 353 332 353 333 354 333 355 332 356 332 357 332 356 331 355 330 354 329 355 328 356 327 357 328 357 327 356 326 355 325 355 326 356 327 355 328 354 329 353 328 352 327 353 326 353 325 352 326 351 327 350 326 349 325 348 325 347 325 346 325 345 325 344 325 343 324 342 323 342 322 342 321 341 321 340 322 339 322 338 321 337 320 336 319 
16 299 318 299 319 299 320 299 321 299 322 299 323 299 324 300 324 301 323 302 323 303 322 304 322 303 322 302 321 301 320 300 319 
16 304 317 304 318 305 318 306 319 307 320 307 321 308 320 309 320 310 320 310 319 310 318 309 317 308 317 307 317 306 317 305 317 
63 321 316 320 317 319 317 318 317 318 318 317 319 318 320 318 321 317 322 317 323 317 324 317 325 316 326 315 327 314 327 313 328 312 329 311 329 310 328 309 327 308 327 307 327 306 328 306 329 307 330 307 331 308 332 309 331 310 330 311 329 312 330 313 330 314 330 315 331 316 330 317 331 318 331 319 331 320 331 321 330 322 330 323 329 324 328 325 327 325 326 324 326 323 326 322 326 321 325 320 324 320 323 321 322 322 321 323 321 324 320 325 320 325 319 325 318 326 317 325 317 324 317 323 317 322 317 
28 336 311 335 312 334 312 333 313 332 313 331 314 330 315 331 316 332 316 333 316 334 315 335 315 336 315 337 316 338 316 339 317 340 316 341 315 342 315 342 314 343 313 343 312 342 312 341 313 340 312 339 312 338 311 337 311 
19 193 308 192 309 191 309 190 309 191 310 191 311 192 311 193 311 194 311 195 311 196 310 197 311 197 310 198 309 198 308 197 308 196 309 195 308 194 309 
25 115 308 115 309 114 310 114 311 113 312 113 313 113 314 113 315 113 316 113 317 113 318 112 319 112 320 113 320 113 319 114 318 115 317 115 316 115 315 115 314 115 313 115 312 116 311 115 310 116 309 
46 278 307 277 308 277 309 277 310 278 311 278 312 278 313 278 314 278 315 279 316 280 317 280 318 281 319 281 320 281 321 281 322 281 323 281 324 282 325 283 326 284 325 285 325 285 324 285 323 285 322 284 321 283 321 282 320 281 319 281 318 282 317 283 316 284 316 285 317 285 316 285 315 284 315 283 315 282 314 281 313 282 312 281 311 280 310 279 309 279 308 279 307 
13 320 305 319 306 320 307 320 308 321 309 321 310 322 309 323 309 323 308 324 307 323 306 322 306 321 305 
19 348 304 348 305 347 306 347 307 347 308 347 309 348 310 348 311 347 312 348 311 349 310 350 310 349 309 350 308 351 307 351 306 351 305 350 305 349 304 
26 90 300 89 301 88 302 87 303 86 304 86 305 86 306 86 307 85 308 84 309 85 310 85 311 85 312 85 313 86 312 86 311 86 310 87 309 87 308 88 307 88 306 89 305 89 304 90 303 90 302 90 301 
26 303 299 302 300 302 301 302 302 301 303 302 302 303 301 304 302 305 303 304 304 304 305 304 306 305 306 306 306 307 306 308 306 307 305 308 304 307 303 308 302 307 301 306 300 307 299 306 299 305 299 304 299 
94 353 298 352 299 351 300 350 300 351 300 352 301 353 302 353 301 354 300 355 299 356 300 357 301 356 302 357 302 358 303 359 304 359 305 360 306 359 307 358 308 357 307 356 307 355 308 355 309 354 310 355 310 356 310 357 309 358 310 359 311 360 312 360 313 359 314 358 315 357 315 356 315 355 316 356 317 356 318 357 317 358 318 359 317 360 317 360 316 360 315 361 314 362 313 363 313 364 313 365 314 366 314 367 314 368 315 369 316 369 315 370 314 371 313 372 314 372 313 372 312 371 311 370 311 369 311 368 310 367 310 366 309 365 308 364 308 363 307 362 306 362 305 362 304 363 303 364 302 365 303 366 304 367 303 367 302 367 301 366 301 365 302 364 301 363 300 362 300 361 301 360 302 359 302 358 301 357 300 358 299 357 299 356 298 355 298 354 298 
46 314 297 314 298 315 299 316 300 316 301 317 301 318 302 319 302 320 303 321 303 322 302 323 302 324 302 325 303 326 304 327 304 328 303 329 304 330 304 331 304 332 303 333 303 334 303 335 303 334 303 333 303 332 303 331 303 330 303 329 303 328 302 327 301 326 300 325 299 326 298 325 299 324 299 323 299 322 300 321 299 320 299 319 298 318 298 317 298 316 298 315 298 
82 258 294 257 295 256 295 255 295 255 296 254 297 254 298 253 299 253 300 254 301 255 302 256 303 255 304 254 305 253 305 252 305 251 305 250 305 249 306 248 306 247 306 247 307 246 308 247 309 248 309 249 310 250 309 251 309 252 310 253 310 254 310 255 311 256 310 257 309 258 309 259 310 260 310 261 310 262 311 263 312 263 313 263 314 264 315 265 315 266 315 267 315 268 314 269 314 270 314 271 314 270 313 270 312 269 311 269 310 269 309 269 308 270 307 270 306 271 305 271 304 270 304 269 304 268 305 267 305 266 306 265 305 264 304 264 303 264 302 265 301 264 300 263 301 262 301 261 301 260 301 259 300 258 299 259 298 259 297 259 296 259 295 259 294 
14 68 294 67 295 66 295 65 296 65 297 66 297 67 297 68 297 69 297 70 297 70 296 70 295 70 294 69 294 
70 222 289 223 290 222 291 223 292 224 293 225 294 226 293 227 294 228 294 229 294 230 294 231 295 232 295 233 296 234 297 234 298 235 299 236 300 235 301 235 302 236 302 237 302 238 302 239 303 240 303 241 304 242 305 242 306 242 307 243 307 243 306 243 305 244 304 245 303 246 303 247 303 248 302 249 302 250 301 249 300 248 299 247 299 246 299 245 299 244 298 243 298 242 297 241 296 241 295 241 294 241 293 240 293 239 293 238 293 237 293 236 293 235 294 234 295 233 295 232 295 231 294 230 293 229 292 228 291 227 290 227 289 226 290 225 290 224 289 223 289 
23 209 288 209 289 209 290 210 291 211 292 212 293 213 294 214 295 215 296 216 297 217 297 218 296 218 295 217 294 217 293 217 292 216 291 215 290 214 289 213 289 212 289 211 288 210 288 
13 174 283 173 284 172 285 172 286 172 287 173 288 173 289 174 288 175 288 174 287 174 286 175 285 175 284 
24 298 281 297 282 297 283 298 284 297 285 296 286 295 286 295 287 296 288 296 289 297 290 298 290 299 291 300 291 300 290 300 289 301 288 301 287 300 286 300 285 299 284 300 283 300 282 299 281 
21 216 281 215 282 215 283 216 283 217 284 218 284 219 284 220 284 221 284 222 284 223 284 224 284 225 284 224 283 223 282 222 282 221 282 220 281 219 281 218 281 217 281 
19 181 280 181 281 181 282 181 283 181 284 180 285 179 286 178 286 178 287 179 288 180 289 181 288 181 287 182 286 181 285 182 284 182 283 181 282 181 281 
71 317 278 318 278 319 279 320 280 321 281 320 282 319 283 318 283 317 284 316 285 315 285 314 285 313 284 312 283 313 282 314 281 313 280 312 280 311 279 310 280 309 279 308 279 307 280 306 280 307 280 308 281 309 282 309 283 308 284 308 285 307 286 306 287 305 288 304 288 303 288 304 289 304 290 304 291 305 291 306 291 307 290 308 290 309 290 310 290 311 289 312 289 313 289 314 289 315 289 316 289 317 289 318 289 319 290 320 290 321 289 322 289 323 288 324 287 323 286 323 285 322 285 321 285 320 284 319 283 320 282 321 281 322 280 321 280 320 279 319 278 318 278 
57 381 275 380 276 381 277 380 278 379 279 378 279 377 278 376 279 375 280 374 280 373 280 372 280 371 281 370 281 369 281 368 281 367 280 366 280 365 281 364 281 363 282 363 283 364 283 365 283 366 283 367 283 368 282 369 282 370 282 371 283 372 283 373 283 374 284 374 283 373 282 374 281 375 280 376 280 377 280 378 280 379 280 380 280 381 280 382 279 383 279 384 279 385 278 386 279 387 280 388 280 388 279 387 278 386 278 385 278 384 278 383 277 382 276 
23 339 274 340 275 340 276 341 277 342 278 342 279 343 279 344 280 345 281 345 282 344 283 345 282 345 281 345 280 345 279 345 278 345 277 345 276 344 275 343 275 342 275 341 276 340 275 
69 332 274 331 275 330 276 329 277 328 277 327 278 326 279 326 280 326 281 325 282 326 283 327 282 328 283 329 284 328 285 328 286 328 287 328 288 327 289 328 289 329 290 330 290 331 291 332 290 333 291 334 291 335 292 336 293 336 294 336 295 337 295 338 295 339 295 340 295 341 294 340 294 339 294 338 293 337 292 338 291 339 290 340 290 340 289 340 288 341 287 340 287 339 287 338 288 337 288 336 287 335 287 334 286 333 286 332 287 331 287 330 287 329 286 328 285 329 284 328 283 329 282 329 281 330 280 331 279 332 278 332 277 333 276 334 275 333 274 
13 458 273 457 274 456 274 456 275 456 276 457 277 458 277 459 278 460 277 460 276 459 275 460 274 459 274 
17 202 273 201 274 201 275 202 276 203 276 204 277 205 277 206 278 207 277 207 276 207 275 208 274 207 275 206 274 205 274 204 274 203 273 
32 398 272 397 273 397 274 398 274 399 275 400 276 399 277 398 278 398 279 398 280 398 281 399 281 400 282 401 281 402 280 403 279 403 278 402 277 403 276 404 275 405 275 406 275 407 274 407 273 406 273 405 273 404 272 403 272 402 272 401 272 400 272 399 272 
70 219 269 219 270 219 271 218 272 217 273 218 273 219 274 220 274 221 274 222 274 223 275 224 276 223 277 222 278 223 278 224 279 225 279 226 280 227 280 228 281 229 282 229 283 230 282 231 282 232 281 233 282 234 282 235 282 236 283 237 282 238 282 239 283 240 283 241 283 242 284 243 284 243 283 244 282 243 281 243 280 242 279 241 280 240 280 239 280 238 280 237 281 236 280 235 279 235 278 236 277 236 276 235 276 234 275 233 275 232 275 231 274 230 275 229 276 228 276 227 275 226 274 227 273 227 272 226 271 225 270 224 269 223 270 222 271 221 271 220 270 
19 420 266 420 267 420 268 421 269 422 269 423 269 424 270 425 269 426 270 427 270 427 269 427 268 427 267 426 267 425 267 424 267 423 266 422 267 421 266 
49 386 266 385 267 384 267 383 267 382 268 381 269 380 269 379 269 378 269 377 269 377 270 377 271 376 272 375 273 374 273 373 273 372 273 373 274 374 274 375 274 376 273 377 272 378 272 378 271 379 270 380 269 381 270 382 271 382 272 383 273 384 273 385 274 386 274 387 274 388 274 389 274 390 273 391 273 392 273 393 273 393 272 393 271 393 270 392 270 391 269 390 268 389 267 388 266 387 266 
15 261 266 261 267 262 268 263 269 263 270 264 271 265 270 266 270 266 269 267 268 266 269 265 268 264 267 263 266 262 266 
22 205 265 204 266 203 267 202 267 202 268 203 269 204 268 205 269 206 270 206 271 207 271 208 272 209 271 210 271 211 270 211 269 210 268 210 267 209 268 208 267 207 266 206 265 
23 320 258 320 259 319 260 319 261 320 262 321 263 322 262 323 262 324 263 325 263 326 262 327 263 328 262 327 261 326 260 327 259 327 258 326 259 325 258 324 258 323 258 322 258 321 258 
105 314 258 314 259 313 260 313 261 314 262 313 263 312 264 311 263 310 262 311 261 310 261 309 261 309 262 310 262 311 263 312 264 312 265 313 266 312 267 311 268 310 268 309 269 308 268 307 267 306 268 305 267 304 266 305 265 306 264 305 264 304 264 304 265 303 266 303 267 303 268 304 269 305 270 304 271 303 272 302 272 302 273 302 274 303 275 304 275 304 274 305 273 305 272 306 271 306 270 307 269 308 268 309 269 310 270 311 270 312 270 313 270 314 269 315 270 316 271 317 271 316 270 317 269 318 268 319 269 320 270 319 271 319 272 320 273 321 274 321 275 322 274 323 274 324 273 325 273 326 273 326 272 327 271 327 270 326 269 325 270 324 269 323 268 322 267 323 266 322 266 321 265 320 266 319 266 318 267 317 268 316 269 315 270 314 269 313 268 313 267 314 266 315 265 316 264 316 263 316 262 317 261 317 260 316 259 316 258 315 259 
80 331 256 330 257 331 258 330 259 331 260 330 261 331 260 332 261 333 261 334 261 335 261 336 261 337 261 338 261 339 261 340 262 341 263 341 264 342 264 343 265 344 265 345 264 346 263 347 264 348 264 349 265 350 266 350 267 349 268 350 269 351 268 352 269 353 270 354 270 355 270 356 271 357 271 358 271 359 271 360 271 360 270 359 270 358 270 357 270 356 269 355 268 355 267 356 266 357 265 358 265 359 265 358 264 357 263 356 262 356 261 356 260 355 260 354 259 353 259 352 260 351 259 350 259 349 259 348 259 347 259 346 259 345 258 344 258 343 258 342 258 341 258 340 257 339 256 338 256 337 257 336 257 335 257 334 257 333 257 332 256 
30 376 255 375 256 374 257 373 258 374 259 374 260 373 261 372 262 371 262 370 262 369 263 370 264 371 264 372 265 373 265 374 266 375 265 375 264 376 263 376 262 377 261 378 260 379 259 380 259 381 258 380 257 380 256 379 255 378 255 377 255 
27 102 253 101 254 100 255 99 256 98 257 98 258 99 259 98 260 97 261 96 261 95 262 96 262 97 261 98 261 99 261 100 260 101 260 101 259 101 258 101 257 100 256 100 255 101 254 102 253 103 254 104 253 103 254 
434 477 252 476 253 475 254 474 254 473 253 473 254 473 255 472 256 471 257 470 258 469 258 468 258 467 259 466 259 465 258 464 258 463 257 462 257 462 258 462 259 463 260 464 261 465 262 465 263 466 264 467 265 468 265 469 265 470 266 471 266 472 267 473 267 474 268 475 269 476 270 477 271 476 272 477 273 478 273 479 274 480 275 479 276 478 277 477 276 476 276 477 276 478 277 479 278 479 279 480 280 481 279 482 278 483 278 484 279 485 280 485 281 486 282 486 283 485 284 484 285 483 284 482 284 481 284 480 284 479 283 478 284 477 285 476 284 475 283 476 282 476 281 475 280 474 280 473 279 472 278 473 277 473 276 472 275 471 275 470 275 469 276 468 276 467 276 466 275 465 275 464 275 465 276 466 277 467 278 466 279 465 280 466 281 466 280 466 279 467 278 468 277 469 277 470 278 471 279 471 280 470 281 469 282 470 281 471 281 472 282 473 283 474 284 473 285 472 286 471 286 472 287 472 288 473 289 474 290 475 291 475 292 476 292 476 291 475 290 476 289 477 288 478 288 479 289 480 290 479 291 478 292 479 293 478 294 479 295 478 296 478 297 477 298 477 299 478 299 479 299 480 299 481 299 482 300 483 299 482 298 482 297 483 296 484 295 485 294 486 294 487 295 488 296 489 297 490 298 490 299 491 300 490 301 490 302 490 303 491 302 492 303 493 304 493 305 493 306 493 307 493 308 493 309 493 310 493 311 493 312 494 313 493 314 493 315 492 316 492 317 493 317 494 318 495 318 496 319 497 320 497 321 496 322 495 323 496 324 497 325 497 326 498 327 497 328 497 329 497 330 498 331 498 332 497 333 496 334 495 333 494 333 493 333 492 333 492 334 493 334 494 335 495 336 496 335 497 336 498 337 498 338 499 339 500 340 501 341 501 342 502 343 503 344 504 345 505 346 505 347 505 348 504 349 504 350 504 351 504 352 505 353 506 354 507 355 506 356 507 357 508 358 509 359 509 360 509 361 509 362 510 363 510 364 510 363 510 362 510 361 510 360 510 359 510 358 510 357 509 356 508 355 509 354 510 353 510 352 510 351 510 350 510 349 509 348 508 347 508 346 508 345 509 344 510 343 510 342 510 341 509 340 508 339 508 338 508 337 509 336 510 335 510 334 509 334 508 334 507 334 506 334 505 335 504 335 503 335 502 335 501 336 500 336 499 335 498 334 497 333 498 332 499 331 500 331 500 330 499 329 500 328 501 327 502 328 503 328 504 328 505 329 506 329 507 330 508 329 509 329 510 328 510 327 510 326 509 325 508 324 509 323 510 322 510 321 510 322 509 323 508 324 507 323 506 322 507 321 507 320 508 319 509 318 510 319 510 318 510 317 510 316 510 315 509 314 510 313 510 312 510 311 510 310 509 310 508 309 507 310 506 309 505 310 506 311 506 312 505 313 504 314 503 315 502 314 501 313 502 312 502 311 503 310 502 309 501 308 501 307 500 306 499 306 498 306 497 305 496 304 495 303 496 302 497 301 498 302 499 302 500 302 501 301 502 300 503 300 504 300 505 300 506 300 507 301 508 301 509 301 510 301 510 300 510 299 510 298 510 297 510 296 510 295 510 294 510 293 510 292 510 291 509 290 508 289 507 288 506 287 506 286 505 286 504 287 503 287 502 286 501 285 501 284 501 283 502 282 502 281 501 280 500 279 500 278 500 277 499 276 498 275 497 274 496 275 495 276 494 276 493 277 492 278 491 277 490 277 489 276 488 275 489 274 490 273 489 273 488 274 487 273 486 272 485 271 485 270 484 269 485 268 485 267 486 266 487 265 488 265 489 266 490 266 491 266 492 265 491 264 490 263 489 262 488 261 488 260 489 259 490 258 489 259 488 260 487 261 486 261 485 261 484 260 483 259 483 258 483 257 483 256 483 255 483 254 483 253 482 252 481 252 480 252 479 252 478 252 
39 194 251 194 252 193 253 192 254 191 253 190 253 189 254 188 254 188 255 188 256 189 257 190 258 191 257 192 258 193 259 194 260 195 260 196 261 197 261 198 262 199 262 200 261 199 260 198 259 198 258 197 257 198 256 199 255 200 256 201 256 202 255 201 254 201 253 200 253 199 252 198 252 197 251 196 251 195 251 
24 380 247 379 248 380 249 379 250 379 251 380 252 381 253 382 254 383 255 384 255 385 255 386 254 387 254 388 253 389 252 388 251 387 250 387 249 386 249 385 249 384 249 383 249 382 248 381 247 
17 386 242 386 243 387 244 388 244 389 245 390 244 391 245 392 246 393 246 393 245 393 244 392 244 391 243 390 243 389 242 388 242 387 242 
14 169 239 170 240 170 241 170 242 171 243 172 243 173 244 174 244 174 243 173 242 173 241 172 240 171 239 170 239 
41 474 234 473 235 472 236 472 237 472 238 473 239 474 240 474 241 474 242 475 243 475 244 476 245 477 245 478 245 479 245 480 245 481 245 482 245 483 245 484 244 483 245 482 244 481 243 482 242 483 241 484 242 484 241 484 240 484 239 484 238 483 238 482 238 481 239 480 239 479 239 478 239 477 238 476 237 476 236 475 235 475 234 
13 274 234 273 235 273 236 273 237 274 238 275 238 276 238 277 238 277 237 277 236 277 235 276 235 275 234 
122 189 233 188 234 187 234 186 235 187 236 188 236 189 237 190 237 191 238 192 239 191 240 192 241 193 241 194 240 195 239 196 239 197 239 198 239 199 240 200 241 201 241 202 241 203 241 204 241 205 241 206 242 207 242 208 241 209 242 210 242 211 241 212 241 213 242 214 243 213 244 213 245 214 246 215 245 216 244 217 245 218 246 218 247 218 248 217 249 216 250 215 250 214 250 213 249 212 250 211 250 210 250 211 251 212 252 213 253 214 254 215 254 216 255 217 256 218 257 217 256 218 255 219 254 220 253 221 252 222 252 223 253 224 253 225 254 226 254 225 253 226 252 225 251 225 250 224 249 224 248 225 247 226 246 226 245 226 244 225 245 224 245 223 244 222 245 221 244 220 243 219 242 218 241 218 240 219 239 218 240 217 239 216 240 215 240 214 239 213 239 212 239 211 239 210 238 210 239 209 240 208 241 207 240 206 239 205 238 204 238 203 238 202 238 201 239 200 240 199 239 198 238 198 237 197 236 198 235 197 235 196 234 195 234 194 234 193 234 192 234 191 234 190 234 
21 116 231 115 232 114 232 114 233 113 234 112 235 113 236 114 237 114 238 114 237 114 236 115 235 116 234 117 235 118 236 118 235 118 234 118 233 117 232 118 231 117 231 
19 242 229 241 230 241 231 241 232 240 233 240 234 241 235 242 236 243 236 244 235 245 235 246 234 246 233 247 232 246 231 246 230 245 229 244 229 243 229 
31 483 220 483 221 483 222 482 223 481 224 480 223 479 222 480 223 479 224 478 225 477 226 478 227 479 228 480 229 480 228 480 227 479 226 478 225 479 224 480 223 481 224 482 224 483 225 484 226 484 227 485 226 485 225 485 224 484 223 484 222 483 221 
26 500 219 499 220 498 221 499 222 500 221 501 222 502 223 501 224 501 225 500 226 499 227 498 226 497 226 497 227 497 228 498 229 498 228 499 227 500 226 501 225 502 225 502 224 503 223 503 222 502 221 501 220 
31 394 217 394 218 393 219 393 220 394 221 394 222 395 221 396 222 397 223 397 224 397 225 397 226 398 227 399 227 400 228 401 229 402 230 403 229 403 228 402 227 401 227 400 226 399 225 399 224 399 223 399 222 399 221 398 220 397 219 396 219 395 218 
12 320 215 319 216 319 217 320 218 321 218 322 219 323 218 324 217 324 216 323 215 322 215 321 215 
23 492 209 491 210 492 210 493 211 494 212 493 213 492 214 492 215 492 216 493 217 492 218 491 219 492 219 493 219 493 218 494 217 494 216 494 215 494 214 493 213 494 212 493 211 493 210 
280 156 209 155 210 154 211 154 212 154 213 155 213 156 213 157 214 158 215 159 216 159 217 160 218 161 219 160 220 159 221 160 221 161 222 162 223 163 223 164 223 165 224 166 225 165 226 166 226 167 227 168 228 169 227 170 228 171 228 171 227 170 226 170 225 171 224 170 224 169 224 168 223 167 222 166 221 165 220 166 219 167 218 168 218 169 219 170 219 171 220 172 220 173 221 174 222 174 223 175 224 174 225 175 226 174 227 173 228 174 229 173 230 173 231 172 232 172 233 173 232 174 231 175 232 176 232 177 232 178 232 179 233 180 233 181 234 182 235 183 236 184 236 184 235 183 234 184 233 183 232 183 231 182 230 182 229 183 228 183 227 184 226 185 225 186 225 187 225 188 226 189 226 190 225 191 226 192 225 193 225 194 224 195 223 196 222 197 222 198 223 199 224 199 225 200 224 201 225 202 225 203 224 204 223 205 223 205 222 204 222 203 222 202 222 201 222 200 222 199 221 198 220 199 219 199 218 199 217 200 216 201 215 202 216 203 216 204 217 205 217 206 218 207 218 208 218 209 217 210 218 211 217 212 218 213 218 214 217 215 218 216 218 217 218 218 219 219 220 218 221 218 222 219 223 218 224 217 225 216 224 215 223 216 222 215 221 214 221 213 220 212 220 211 221 210 222 209 222 208 222 207 222 208 223 209 224 208 225 209 224 210 225 211 224 212 223 213 224 214 224 215 224 216 224 217 225 218 225 219 226 220 226 221 226 222 226 223 226 224 226 225 226 226 226 227 227 228 228 229 229 229 230 230 230 231 230 232 229 233 230 234 230 235 231 236 230 235 229 234 228 234 227 233 228 232 227 231 227 230 226 229 225 229 224 230 223 230 222 230 221 229 220 228 219 227 219 226 218 225 218 224 217 223 218 222 219 221 218 220 217 219 218 218 219 217 218 216 217 215 216 216 215 215 214 214 214 213 215 212 215 211 214 210 214 209 214 208 214 207 215 206 215 205 216 204 215 203 214 202 214 201 213 200 214 199 213 198 214 197 214 196 214 195 215 194 215 193 215 192 214 191 215 190 214 189 214 188 214 187 213 186 213 185 213 184 213 183 212 182 212 181 212 180 212 179 212 178 211 177 211 176 210 175 210 175 211 175 212 174 213 173 214 172 215 171 216 170 217 169 218 168 218 167 217 166 216 165 215 164 214 164 213 165 212 166 211 167 211 167 210 166 209 165 209 164 209 163 209 162 209 161 209 160 209 159 209 158 209 157 209 
49 324 205 323 206 322 207 322 208 322 209 322 210 323 211 324 212 325 212 326 212 327 212 328 212 329 213 330 214 331 215 330 216 330 217 329 218 330 219 331 219 332 219 333 219 334 219 335 220 336 221 335 220 336 219 336 218 336 217 335 216 335 215 336 214 336 213 336 212 335 211 334 211 333 212 332 212 331 211 330 211 329 211 328 212 327 211 326 210 325 209 326 208 327 207 326 207 325 206 
60 310 202 309 203 308 204 308 205 308 206 308 207 307 208 306 209 305 209 304 208 303 207 303 206 302 205 301 205 301 206 300 207 299 208 300 209 300 210 301 209 302 210 303 211 302 212 303 213 304 212 305 211 306 211 307 210 308 210 309 211 310 212 310 213 310 214 309 215 308 216 307 215 307 216 308 216 309 216 310 216 311 215 312 214 313 214 314 215 315 215 316 215 317 214 317 213 318 212 318 211 317 210 316 209 315 209 314 208 313 207 312 206 312 205 312 204 312 203 311 202 
29 398 200 397 201 396 201 395 202 395 203 396 204 397 205 397 206 398 207 398 208 399 209 400 210 401 211 400 212 401 213 402 213 403 213 403 212 403 211 403 210 403 209 402 208 401 207 400 206 400 205 400 204 399 203 398 202 399 201 
42 438 199 437 200 436 201 435 202 436 203 437 204 437 205 437 206 437 207 437 208 438 208 439 207 439 206 439 205 438 204 438 203 439 202 440 201 441 201 442 202 443 203 443 204 443 205 443 206 443 207 444 208 445 207 446 206 447 206 448 205 449 205 449 204 448 203 447 203 446 202 445 202 444 203 443 202 442 201 441 201 440 201 439 200 
431 414 196 413 197 412 198 412 199 412 200 413 201 414 202 415 203 415 204 415 205 414 206 415 207 416 208 417 209 416 210 415 211 414 212 413 213 412 214 412 215 413 216 413 217 412 218 413 218 414 217 415 217 416 217 417 218 418 219 419 219 420 220 421 221 421 222 420 223 419 224 418 224 417 224 416 225 417 225 418 225 419 225 420 226 421 227 421 226 420 225 419 224 420 223 421 222 422 221 423 220 424 221 425 222 426 223 427 222 428 223 429 224 430 225 430 226 429 227 428 228 428 229 429 230 430 230 429 229 429 228 430 227 430 226 431 225 432 224 433 225 434 226 433 227 433 228 434 228 435 228 436 227 437 227 438 227 439 228 440 228 441 229 442 230 442 231 441 232 440 233 439 233 438 233 437 233 437 234 438 234 439 235 440 235 441 234 442 233 443 232 444 232 445 233 446 233 447 232 448 233 449 234 449 235 448 236 447 237 446 236 445 235 444 236 443 237 443 238 444 239 443 240 442 241 441 240 440 239 439 238 439 237 439 238 438 239 437 240 436 240 435 241 435 242 434 243 434 244 435 244 436 244 437 245 438 246 437 247 438 247 439 247 440 247 441 247 442 246 441 245 440 244 439 243 440 242 441 241 442 242 443 242 444 241 445 242 446 242 447 243 448 242 449 241 450 241 451 242 452 243 452 244 453 245 452 244 453 243 452 242 453 241 454 240 455 239 456 240 457 241 457 242 458 243 457 244 456 245 456 246 457 247 457 248 456 249 455 250 454 250 453 250 452 251 452 252 452 253 452 254 452 255 453 256 454 256 454 255 454 254 455 253 456 252 457 252 458 252 459 253 460 254 461 253 462 253 462 252 462 251 461 250 461 249 462 248 463 247 464 248 465 249 466 250 465 251 466 252 467 253 468 253 469 253 470 253 470 252 470 251 470 250 471 249 470 248 469 247 468 246 467 245 466 244 465 243 464 243 463 242 462 241 461 240 460 240 459 239 458 238 457 238 456 239 455 238 454 238 453 237 452 236 451 235 451 234 450 233 450 232 451 231 452 230 453 230 454 231 455 230 456 230 456 229 457 228 456 227 455 226 455 225 455 224 455 223 456 222 457 221 458 222 459 223 460 224 461 224 462 223 463 224 464 225 463 226 463 227 463 228 464 227 465 226 464 225 463 224 462 223 463 222 464 221 465 220 466 221 467 222 467 223 468 224 469 224 470 224 471 225 472 226 472 227 471 228 471 229 470 230 469 231 470 230 471 229 472 230 473 230 474 231 475 230 474 229 474 228 473 227 473 226 474 225 474 224 475 223 476 222 477 221 476 221 475 222 474 221 473 220 472 219 471 218 471 217 471 216 472 215 472 214 471 215 470 214 470 215 470 216 471 217 471 218 472 219 472 220 473 221 472 222 471 223 470 222 469 221 468 221 467 221 466 220 465 219 466 218 465 218 464 218 463 218 462 217 461 216 460 215 459 215 458 215 457 215 456 214 455 214 454 214 453 215 452 216 451 217 450 218 449 219 448 219 447 218 446 217 445 217 444 218 443 219 443 220 444 221 444 222 443 223 442 224 441 223 440 222 440 221 441 220 441 219 440 219 439 219 438 219 437 219 436 218 435 218 434 218 433 217 432 216 433 217 432 218 431 219 430 218 429 217 430 216 429 215 430 214 431 213 432 212 433 211 432 210 432 209 432 208 432 207 432 206 431 206 430 206 429 207 428 208 427 209 426 210 426 211 427 210 428 209 429 210 430 211 430 212 429 213 429 214 428 215 427 216 426 216 425 216 424 215 423 214 422 213 422 212 422 213 421 214 420 215 419 215 418 214 417 213 416 212 417 211 418 210 419 210 418 209 417 208 417 207 418 206 418 205 418 204 419 203 420 202 419 202 418 203 417 202 416 201 417 200 418 199 419 200 419 199 419 198 419 197 418 196 417 196 416 196 415 196 
19 423 193 423 194 423 195 423 196 424 197 425 198 425 199 426 200 427 199 428 199 429 198 429 197 429 196 429 195 428 195 427 195 426 194 425 193 424 193 
29 367 190 366 191 366 192 367 193 368 194 369 195 369 196 368 197 368 198 368 199 368 200 368 201 369 201 370 202 370 201 370 200 370 199 371 198 371 197 371 196 371 195 371 194 371 193 370 193 369 194 368 194 367 193 366 192 367 191 
17 300 189 299 190 300 191 299 192 299 193 299 194 300 195 300 196 300 197 301 196 301 195 302 194 303 193 303 192 302 191 301 190 301 189 
33 317 187 317 188 317 189 317 190 317 191 317 192 316 193 315 194 314 195 313 195 313 196 313 197 313 198 313 199 314 200 314 199 314 198 314 197 314 196 314 195 315 194 316 193 317 194 318 195 319 194 320 193 320 192 320 191 320 190 319 189 319 188 319 187 318 187 
74 143 186 142 187 141 188 140 188 139 187 138 188 137 189 138 190 139 191 139 192 139 193 139 194 140 195 141 196 140 197 139 198 138 198 137 197 136 196 135 196 134 196 135 197 136 198 136 199 137 199 138 200 139 199 140 199 141 198 142 197 143 197 144 197 145 198 146 199 146 200 146 201 147 202 147 203 148 204 149 204 150 205 151 206 152 206 153 206 154 206 155 206 156 205 157 205 156 205 155 204 154 204 153 204 152 204 151 203 150 202 151 201 152 200 153 199 152 198 151 198 150 198 149 197 148 196 147 195 146 194 147 193 148 192 148 191 147 190 147 189 146 189 145 188 144 187 144 186 
1042 342 185 341 186 340 187 339 188 338 188 339 188 340 187 341 188 342 188 343 188 344 189 345 190 344 191 343 192 342 192 341 192 340 191 339 190 338 190 338 191 337 192 336 193 335 193 334 192 333 191 332 191 331 191 330 192 329 193 328 192 327 191 327 190 328 189 328 188 327 188 326 188 326 189 327 190 326 191 325 192 324 192 323 193 323 194 323 195 323 196 324 197 323 198 322 199 321 199 320 198 319 199 319 200 320 201 320 202 320 203 321 203 322 203 321 202 322 201 323 200 322 199 323 198 324 197 325 198 326 199 325 200 325 201 326 202 325 203 326 202 327 202 328 202 329 203 330 204 330 205 330 204 330 203 331 202 332 201 333 202 334 202 335 201 336 201 337 202 338 203 339 204 339 205 339 206 339 207 339 208 339 209 339 210 339 211 339 212 340 213 340 214 341 215 342 214 343 213 344 212 344 211 343 210 342 209 343 208 344 207 345 207 346 208 347 207 348 208 349 209 350 210 349 211 349 212 349 213 348 214 347 215 346 215 345 216 344 216 344 217 343 218 342 219 341 218 340 217 341 218 342 219 343 220 343 221 342 222 341 223 340 222 341 223 342 224 343 224 344 225 345 226 346 226 347 226 348 225 349 226 350 227 351 227 352 227 353 227 353 226 352 225 353 224 354 223 353 222 353 221 354 220 355 219 356 218 357 219 358 219 359 220 360 221 361 222 362 223 361 224 362 225 363 226 363 227 363 228 362 229 362 230 361 231 360 232 359 232 358 232 357 232 356 233 355 233 354 233 353 234 353 235 353 236 354 236 355 236 356 236 357 236 358 236 359 235 360 235 361 235 362 235 363 234 363 233 364 232 365 231 366 232 367 233 368 234 368 235 369 236 369 237 368 238 369 237 370 238 371 239 370 240 369 241 368 240 367 240 366 241 365 241 364 242 363 241 364 242 363 243 362 244 363 243 364 242 365 243 366 244 366 245 365 246 364 247 363 247 362 246 361 247 360 248 359 247 358 246 357 245 358 244 357 243 357 242 357 241 356 240 355 240 354 241 353 242 352 243 352 244 351 245 350 246 349 245 348 244 347 243 347 242 346 242 345 241 344 240 345 239 346 238 347 238 346 237 345 237 344 238 343 238 342 237 341 237 340 237 339 236 338 235 337 235 336 234 335 234 334 234 333 234 332 234 331 234 330 233 329 232 330 231 329 230 329 229 328 228 327 228 326 227 325 226 324 226 323 226 322 226 321 226 320 227 319 228 318 228 317 227 316 226 315 225 314 225 313 225 312 225 311 226 310 226 309 226 308 226 307 226 306 227 305 227 304 227 303 227 302 227 301 226 300 227 299 227 298 227 297 227 297 228 297 229 297 230 298 231 299 231 300 232 301 233 301 234 300 235 299 236 299 237 298 238 297 239 296 238 295 237 294 236 294 235 295 234 296 233 295 232 294 232 293 233 292 234 291 233 290 233 289 233 288 232 287 231 286 231 285 231 284 231 283 232 282 232 281 231 280 232 279 231 278 231 277 231 276 230 275 231 274 231 275 232 276 231 277 232 278 232 279 233 280 234 281 235 282 236 282 237 283 238 284 238 285 238 286 238 285 237 285 236 286 235 287 234 288 234 289 233 290 233 291 234 292 235 293 236 294 237 293 238 292 239 291 239 291 240 291 241 292 241 293 241 294 241 295 242 296 243 295 244 295 245 294 246 293 247 292 246 291 245 290 244 289 244 288 244 288 245 288 246 288 247 288 248 288 249 287 250 288 251 288 252 289 252 290 253 291 254 292 255 292 256 291 257 290 258 289 257 288 256 287 256 286 257 285 256 284 255 284 254 284 253 284 252 284 251 285 250 284 249 283 248 283 247 282 247 281 248 280 247 279 246 280 245 279 244 279 243 278 242 277 242 276 242 276 243 276 244 275 245 274 246 273 245 272 244 272 243 272 242 272 241 271 240 271 239 271 240 271 241 272 242 271 243 271 244 272 245 271 246 272 247 273 248 274 249 275 250 274 251 275 252 276 252 277 252 278 252 279 253 280 252 281 252 282 253 283 254 282 255 281 256 281 257 282 258 281 259 281 260 282 261 281 262 282 261 283 262 284 262 285 263 286 264 287 265 288 264 288 263 288 262 289 261 290 260 291 259 292 259 293 259 294 259 295 259 296 258 296 257 296 256 296 255 295 254 294 253 293 252 293 251 293 250 294 249 295 248 296 249 297 248 298 247 298 246 298 245 298 244 299 243 299 242 300 241 300 240 300 239 299 238 300 237 301 236 302 236 303 237 304 236 305 235 306 235 307 236 308 237 309 236 309 235 308 235 307 234 306 235 305 234 304 234 303 234 302 233 301 232 302 231 303 230 304 229 305 230 306 230 307 231 308 231 309 231 310 232 310 231 311 230 312 229 313 230 314 230 315 229 316 228 317 229 318 229 319 230 320 231 320 232 319 233 318 234 319 235 319 236 319 237 320 237 321 238 321 237 321 236 322 235 322 234 321 233 320 232 321 231 322 230 323 231 324 231 325 232 326 232 327 233 328 233 329 234 330 234 331 234 332 235 333 236 332 237 333 238 333 239 332 240 331 241 330 240 329 239 328 239 327 239 326 239 326 240 325 241 324 242 323 241 322 240 321 240 320 241 319 241 318 241 317 240 316 239 316 238 315 238 314 238 313 238 312 238 312 239 313 240 312 241 311 242 310 241 309 242 308 242 307 242 307 243 306 244 306 245 306 246 305 247 305 248 305 249 306 250 307 250 308 249 309 249 310 249 311 249 312 249 313 248 314 249 315 248 316 248 317 247 317 246 317 245 318 244 319 243 320 243 321 242 322 242 323 243 324 244 325 244 326 245 327 245 328 246 329 246 330 246 329 245 328 244 329 243 330 242 331 241 332 242 333 243 334 243 335 243 336 243 337 242 338 242 339 243 340 244 339 245 340 245 341 245 342 246 343 247 344 248 345 248 346 249 347 249 348 249 349 249 350 248 351 247 350 246 351 245 352 244 353 245 354 245 355 244 356 245 357 246 356 247 356 248 357 249 358 250 359 251 360 252 360 253 360 254 361 255 361 256 362 257 363 257 364 257 365 257 366 256 367 256 368 256 369 257 370 256 371 255 372 254 372 253 373 252 373 251 372 250 373 249 374 248 375 249 375 248 375 247 374 246 374 245 373 245 372 246 371 245 370 244 371 243 372 242 373 242 372 241 373 240 374 239 375 239 376 238 377 239 378 240 378 241 379 240 380 240 381 240 382 240 383 240 384 240 385 239 386 238 387 237 388 237 389 238 390 239 391 240 392 240 393 240 394 240 395 240 396 240 397 240 398 240 399 241 400 242 400 243 401 244 402 245 403 244 404 244 405 244 406 243 407 244 408 245 407 246 408 247 409 248 409 249 408 250 408 251 409 251 410 251 411 250 412 249 411 249 410 248 409 247 409 246 408 245 409 244 410 243 410 242 410 241 409 240 409 239 409 238 408 238 407 239 406 238 405 238 404 239 403 239 402 238 401 238 400 239 399 239 398 239 397 239 396 238 395 237 395 236 396 235 396 234 396 233 396 232 395 232 394 231 393 232 392 233 392 234 393 235 394 236 393 237 392 238 391 238 390 238 389 237 388 236 387 236 386 237 385 237 384 237 383 236 382 235 383 234 384 233 385 232 386 232 387 232 388 232 387 231 388 230 389 229 390 228 391 227 392 227 392 226 393 225 393 224 392 225 391 225 390 226 389 227 388 226 387 226 386 226 385 226 384 226 383 226 382 225 382 226 382 227 382 228 381 229 381 230 380 231 381 232 380 233 379 234 378 235 377 236 376 235 375 234 375 233 376 232 377 231 378 231 377 230 378 229 377 230 376 229 375 229 374 229 373 229 372 230 371 231 370 231 369 231 368 232 367 231 366 230 365 230 364 229 363 228 363 227 364 226 363 225 363 224 363 223 362 222 361 221 361 220 360 219 360 218 359 217 359 216 358 215 358 214 358 213 359 212 360 211 361 212 362 212 363 213 364 214 365 214 365 213 366 212 366 211 367 210 368 209 369 208 370 209 371 210 372 211 372 212 371 213 372 212 373 213 374 214 374 215 373 216 372 217 372 218 373 219 374 219 375 218 376 217 377 218 378 217 379 217 380 216 381 217 382 218 381 219 381 220 381 221 381 222 382 221 383 220 384 220 385 220 386 220 387 221 388 221 388 220 387 219 387 218 387 217 388 216 389 215 390 214 391 213 390 212 391 211 392 210 393 209 393 208 393 207 393 206 392 206 391 205 390 205 389 205 389 206 388 207 387 208 386 207 385 207 385 208 386 209 386 210 387 211 386 212 385 213 384 214 383 213 382 212 382 211 381 210 380 209 379 208 378 209 377 208 376 207 377 206 376 206 375 206 374 206 373 205 372 205 371 204 370 204 369 205 368 206 367 205 368 206 367 207 366 208 365 207 364 206 364 205 363 204 363 203 363 202 362 201 363 200 362 199 361 199 360 200 359 199 358 198 359 197 360 196 361 197 362 197 362 196 362 195 362 194 362 193 362 192 362 191 362 190 361 191 361 192 361 193 361 194 360 195 359 196 358 195 357 195 356 194 355 193 356 192 355 191 355 190 354 190 354 191 353 192 353 193 353 194 352 195 351 196 350 195 349 194 349 193 348 192 348 191 348 190 348 189 347 188 347 187 346 187 345 188 344 187 343 186 343 185 
22 347 196 348 195 349 195 350 195 351 196 352 197 351 198 352 199 352 200 351 201 350 202 349 203 348 202 347 203 346 202 345 201 344 200 344 199 343 198 344 197 345 196 346 196 
16 288 181 287 182 287 183 286 184 285 185 285 186 284 187 285 187 286 188 287 188 287 187 288 186 288 185 287 184 288 183 288 182 
26 313 179 313 180 314 181 313 182 312 183 311 183 311 184 310 185 310 186 310 187 310 188 311 189 310 190 311 190 312 190 313 190 313 189 313 188 313 187 313 186 314 185 315 184 314 183 314 182 314 181 314 180 
36 299 177 299 178 299 179 299 180 299 181 300 182 301 182 302 183 303 184 304 185 305 186 305 187 305 188 305 189 305 190 306 189 306 188 306 187 306 186 306 185 306 184 306 183 306 182 306 181 305 181 305 182 304 183 303 184 302 183 301 182 301 181 301 180 302 179 302 178 301 177 300 177 
20 354 175 355 175 356 176 357 177 358 178 359 179 360 179 361 179 362 180 363 180 364 181 363 180 362 179 361 178 360 177 359 176 358 176 357 176 356 175 355 175 
20 445 172 446 173 447 174 448 175 449 176 450 176 451 176 452 177 453 177 454 177 455 176 454 177 453 176 452 176 451 175 450 174 449 174 448 173 447 173 446 172 
35 335 172 336 173 337 174 338 175 337 176 336 177 335 177 334 176 335 177 336 178 336 179 335 180 335 181 335 182 336 182 337 182 338 182 339 182 339 181 338 181 337 180 336 179 336 178 337 177 338 176 339 177 340 177 341 177 340 176 340 175 340 174 339 174 338 173 337 172 336 172 
130 175 168 176 169 176 170 176 171 177 172 176 173 175 174 174 174 173 173 172 172 171 171 170 171 169 172 168 171 167 172 167 173 166 174 165 175 164 175 164 176 163 177 163 178 164 178 165 179 166 180 167 181 167 182 168 183 168 184 167 185 168 186 169 186 170 187 171 188 172 187 173 187 174 188 175 187 176 186 177 187 178 188 177 189 176 190 176 191 176 192 176 193 177 194 178 195 179 196 179 197 180 198 180 199 180 200 181 201 182 201 183 202 184 202 185 202 186 202 187 202 188 202 189 202 190 202 191 203 192 204 193 204 194 205 195 204 196 204 197 205 198 204 199 204 200 204 201 204 202 204 203 204 204 204 204 203 204 202 204 201 204 200 204 199 203 198 203 197 203 196 203 195 202 194 202 193 201 192 200 193 199 192 198 191 198 190 198 189 197 188 196 188 195 187 194 188 193 187 192 186 191 185 190 184 190 183 190 182 189 181 188 182 187 183 186 182 185 181 184 180 185 179 186 178 186 177 185 176 186 177 185 178 184 179 183 178 182 177 183 176 182 175 181 174 181 173 181 172 180 172 179 172 178 171 177 170 177 169 176 168 
13 427 166 427 167 427 168 426 169 426 170 427 171 428 171 429 170 430 170 431 169 430 168 429 167 428 166 
14 163 164 163 165 163 166 164 167 165 167 166 168 167 167 168 167 169 166 168 165 167 165 166 164 165 164 164 164 
306 248 159 248 160 247 161 248 162 247 163 248 162 249 163 250 164 250 165 250 166 250 167 250 168 250 169 249 170 249 171 248 172 249 171 250 172 251 172 252 171 252 170 253 169 252 168 253 167 254 166 255 167 256 168 255 169 256 170 256 171 257 172 258 172 259 173 260 174 260 175 260 176 261 175 262 176 263 177 262 178 261 179 260 179 260 180 259 181 259 182 260 181 261 181 262 182 263 181 264 181 265 182 266 183 266 184 266 185 266 186 265 187 265 188 265 189 265 190 264 191 263 192 262 193 261 192 262 193 262 194 262 195 262 196 263 197 263 198 263 199 264 200 264 201 265 202 264 203 264 204 265 205 265 206 266 206 267 207 268 208 268 209 268 210 269 210 270 211 271 212 271 213 272 214 273 215 274 215 275 214 276 214 276 213 275 212 276 211 277 210 278 211 279 212 280 213 281 214 282 214 283 213 284 214 285 215 285 216 286 216 287 215 288 215 289 215 290 214 291 215 292 215 293 214 294 214 295 214 296 214 297 213 298 213 297 212 296 211 296 210 296 209 297 208 296 207 296 206 296 205 296 204 297 203 296 202 296 201 296 200 297 199 297 198 296 197 295 197 294 198 293 197 292 196 292 195 292 194 293 193 293 192 294 191 295 190 294 189 294 188 293 187 292 186 291 185 292 184 291 184 290 185 290 186 291 187 291 188 292 189 292 190 292 191 292 192 291 193 291 194 292 195 292 196 293 197 293 198 293 199 293 200 293 201 292 202 292 203 293 204 293 205 293 206 292 207 291 208 290 207 289 206 288 206 287 206 286 205 285 204 284 203 283 202 284 201 285 200 285 199 285 198 285 197 285 196 285 195 285 194 284 193 284 192 284 191 283 191 283 192 282 193 282 194 282 195 281 196 280 197 279 196 278 195 278 194 278 193 277 194 276 193 275 192 275 193 275 194 275 195 276 195 277 194 278 195 279 196 278 197 277 198 276 198 275 199 274 198 273 197 272 196 271 195 270 195 269 194 268 193 269 192 270 191 271 190 272 190 273 190 274 189 275 189 276 188 277 189 278 190 277 189 277 188 277 187 277 186 277 185 277 184 276 183 275 183 274 184 273 183 272 182 272 181 272 180 272 179 272 180 272 181 271 182 271 183 271 184 272 185 272 186 271 187 270 188 269 187 268 186 267 185 267 184 267 183 267 182 267 181 268 180 268 179 268 178 268 177 269 176 270 175 270 174 269 173 269 174 268 175 267 176 266 175 265 175 264 175 263 175 262 174 261 173 260 172 259 171 258 170 257 169 257 168 257 167 257 166 258 165 258 164 257 164 256 164 255 165 254 166 253 167 252 167 251 166 250 165 250 164 250 163 250 162 250 161 250 160 250 159 249 160 
16 367 158 367 159 366 160 366 161 365 162 366 161 367 162 368 162 369 162 370 161 371 161 371 160 371 159 370 159 369 158 368 158 
23 396 153 395 154 395 155 396 156 397 157 398 158 399 158 400 159 401 160 402 160 403 161 404 162 404 161 404 160 403 159 403 158 402 157 402 156 401 155 400 155 399 154 398 154 397 154 
109 130 149 129 150 128 151 127 151 126 151 125 152 124 153 123 154 122 155 121 155 120 155 120 156 120 157 121 158 121 159 122 160 121 161 121 162 121 163 121 164 121 165 122 166 122 167 123 168 124 169 125 169 126 170 127 171 128 172 129 173 130 174 131 175 131 176 130 177 130 178 131 179 131 180 132 181 131 182 132 181 133 182 134 183 133 184 133 185 134 185 135 185 136 184 137 184 138 184 139 185 140 184 139 183 139 182 139 181 140 180 139 180 138 179 137 178 138 177 139 176 139 175 139 174 139 173 139 172 140 171 140 170 140 169 140 168 139 169 138 170 137 170 136 169 135 168 135 167 136 166 137 165 138 165 139 164 139 163 140 162 141 161 140 162 139 161 138 160 137 159 136 158 135 157 135 156 134 156 133 157 133 158 132 159 131 160 130 161 129 160 128 159 128 158 127 157 127 156 126 155 127 154 128 153 129 154 130 154 131 153 131 152 130 151 130 150 131 149 
52 358 148 357 149 356 150 355 149 356 150 356 151 356 152 357 153 356 154 355 155 354 155 354 156 353 157 352 158 353 157 354 156 355 156 356 157 357 157 358 158 359 159 358 160 358 161 359 162 360 162 361 161 362 161 363 162 362 161 361 160 361 159 360 158 361 157 362 156 362 155 362 154 363 153 362 153 361 154 361 155 360 156 359 157 358 157 357 157 356 156 355 155 356 154 357 153 358 152 358 151 357 150 358 149 
17 203 146 202 147 202 148 201 149 202 150 203 151 203 152 204 153 205 154 206 154 206 153 205 152 205 151 206 150 205 149 204 148 204 147 
71 107 122 107 123 108 124 108 125 108 126 108 127 108 128 109 129 109 130 109 131 108 132 109 133 109 134 109 135 109 136 110 137 110 138 110 139 110 140 110 141 110 142 111 143 111 144 112 145 113 146 114 147 114 148 115 149 114 150 114 151 115 152 115 153 115 154 116 154 117 154 118 153 117 152 117 151 117 150 117 149 117 148 118 147 118 146 118 145 118 144 118 143 118 142 118 141 117 142 116 141 115 140 114 139 114 138 115 137 116 136 115 135 114 134 113 133 112 133 111 132 110 131 109 130 110 129 111 128 110 127 111 126 110 125 110 124 110 123 109 122 108 122 
35 95 121 94 122 94 123 94 124 94 125 93 126 93 127 92 128 91 129 90 128 89 127 89 128 88 129 87 130 87 131 86 132 87 131 88 131 88 130 89 129 90 128 91 129 92 130 92 131 92 130 92 129 93 128 94 127 95 126 96 125 97 126 97 125 96 124 97 123 96 122 
16 369 112 368 113 369 114 369 115 370 114 371 115 372 116 372 117 373 117 374 116 374 115 373 114 373 113 372 113 371 114 370 113 
29 110 104 109 105 108 106 107 106 107 107 107 108 107 109 107 110 107 111 107 112 107 113 108 114 108 115 109 116 110 117 111 117 112 116 113 116 113 115 113 114 114 113 113 112 112 111 112 110 112 109 113 108 113 107 112 106 111 105 
18 358 98 357 99 356 100 355 101 356 102 356 103 357 103 358 104 359 104 360 104 360 103 360 102 360 101 361 100 361 99 361 98 360 98 359 98 
30 168 83 167 84 168 84 169 84 170 85 171 86 170 87 169 88 168 89 169 89 170 90 171 91 170 92 171 92 172 92 173 92 174 92 175 92 174 91 174 90 174 89 174 88 174 87 175 86 174 86 173 87 172 86 171 85 170 85 169 84 
81 121 81 120 82 119 83 118 82 118 83 117 84 116 85 116 86 116 87 116 88 115 89 115 90 115 91 115 92 114 93 113 94 112 94 111 95 112 95 113 96 114 97 115 97 116 98 117 98 118 98 119 98 120 99 121 100 121 101 122 102 123 103 124 104 125 104 126 104 127 103 126 102 126 101 126 100 125 99 124 98 123 98 122 98 121 97 120 96 120 95 119 94 119 93 118 92 117 91 117 90 117 89 118 88 119 87 120 86 121 87 122 88 123 89 124 90 125 91 125 92 125 93 126 94 127 94 128 95 129 95 129 94 129 93 130 92 129 91 129 90 128 89 128 88 127 88 126 87 125 86 125 85 125 84 124 83 124 82 123 82 122 81 
54 164 66 164 67 163 68 163 69 163 70 164 71 164 72 164 73 163 74 162 75 161 76 160 75 159 74 159 73 158 72 157 72 157 73 158 73 159 74 160 75 159 76 160 75 161 76 162 77 162 78 163 79 163 80 164 80 165 79 166 78 167 78 168 79 169 80 170 80 170 79 170 78 170 77 170 76 169 75 168 76 167 77 166 76 165 75 164 74 165 73 166 72 167 72 168 72 168 71 168 70 168 69 167 68 166 67 165 66 
49 240 64 240 65 241 66 242 67 242 68 242 69 241 70 240 71 239 72 238 73 238 74 239 74 240 74 239 73 240 72 241 71 242 71 243 70 244 69 245 69 246 70 247 71 247 72 248 72 249 73 250 74 251 75 251 76 251 77 251 76 251 75 251 74 251 73 251 72 251 71 251 70 250 69 249 68 248 68 247 67 246 66 246 67 245 68 244 69 243 68 242 67 241 66 241 65 241 64 
1024 146 62 145 63 144 64 144 65 145 66 144 67 143 68 142 69 141 68 140 68 140 69 140 70 141 71 141 72 142 73 143 74 144 74 145 74 146 75 147 76 146 77 145 78 144 78 143 79 142 78 142 79 141 80 140 81 139 81 138 80 137 79 138 78 137 77 137 76 136 75 135 76 135 77 135 78 135 79 136 80 137 81 138 82 139 83 139 84 140 85 140 86 140 87 140 88 141 89 140 90 139 91 138 91 137 90 136 89 135 88 136 87 135 86 135 85 134 84 133 83 132 83 131 84 130 83 129 82 129 81 129 80 129 79 128 78 127 78 126 77 125 76 125 77 126 78 126 79 126 80 127 81 128 82 128 83 129 84 130 85 131 86 131 87 131 88 132 89 133 89 134 89 135 90 136 91 135 92 135 93 136 94 136 95 135 96 136 97 137 98 138 99 138 100 139 100 140 100 141 99 142 98 143 97 144 97 145 96 146 97 147 98 147 99 146 100 145 101 144 102 143 101 142 102 142 103 142 104 143 103 144 103 145 102 146 103 147 104 146 105 145 106 144 106 145 106 146 107 147 108 146 109 145 110 144 111 143 112 144 113 143 114 144 115 145 116 144 117 145 118 146 119 147 118 148 118 149 119 150 119 151 119 152 120 153 121 154 122 154 123 153 124 152 125 151 125 150 126 151 127 150 128 151 129 150 130 149 131 150 131 151 130 152 131 153 131 154 130 155 130 156 129 157 129 158 130 159 130 160 129 161 130 162 130 163 130 164 131 165 132 165 133 164 134 164 135 165 136 165 137 164 138 163 139 162 138 161 137 160 136 161 135 160 134 160 133 159 132 158 132 157 133 156 134 155 135 156 136 156 137 157 138 157 139 157 140 157 141 156 142 155 143 154 142 153 141 153 140 153 139 153 138 152 137 152 136 153 135 152 136 151 135 150 135 149 134 148 135 147 134 146 134 145 133 144 133 143 133 142 133 143 134 142 135 141 136 141 137 140 138 141 139 141 140 142 141 143 142 144 143 145 143 146 144 146 143 147 142 148 141 149 142 150 142 151 142 152 143 153 142 154 142 155 143 156 144 155 145 154 146 155 146 156 145 157 145 158 146 159 147 160 148 161 148 162 149 163 148 164 148 165 148 166 149 167 150 168 149 169 150 170 149 169 148 170 147 171 146 172 146 173 147 174 148 174 149 174 150 174 151 175 152 176 152 177 152 178 152 179 151 179 150 179 149 180 148 181 147 180 146 180 145 181 144 182 143 183 143 184 144 185 144 186 144 187 144 188 144 189 145 189 144 190 143 191 142 192 143 193 144 193 145 193 146 192 147 191 148 190 149 189 148 188 148 187 149 186 148 185 148 184 148 185 149 185 150 185 151 184 152 184 153 184 154 183 155 184 156 184 157 185 156 186 157 187 157 188 158 189 159 189 160 189 161 188 162 188 163 189 163 190 164 191 165 192 166 193 166 194 165 195 164 196 165 197 166 197 167 198 168 199 167 200 168 201 169 201 170 202 170 203 169 204 169 205 170 206 169 207 170 208 171 209 172 208 173 207 174 206 173 207 174 207 175 208 176 208 177 209 177 210 178 211 177 212 178 213 179 212 180 212 181 211 182 211 183 212 184 212 185 213 185 214 186 215 186 216 187 217 188 218 189 217 190 216 191 215 192 214 193 213 193 213 194 213 195 213 196 214 197 215 198 214 199 214 200 214 201 214 202 215 202 216 203 217 203 218 204 219 205 220 204 221 204 222 205 223 206 224 207 225 207 226 208 227 208 228 209 229 209 230 210 231 211 232 211 233 212 234 212 235 213 236 214 237 215 238 216 239 216 240 217 241 217 242 218 243 218 244 218 244 217 244 216 244 215 244 214 244 213 245 212 246 211 247 212 248 213 249 212 250 211 251 211 252 212 253 213 254 214 253 215 254 216 254 217 255 218 256 219 257 219 258 220 259 219 259 218 258 218 257 218 256 219 255 218 254 217 255 216 255 215 256 214 256 213 255 212 254 211 254 210 253 209 253 208 253 207 254 206 253 205 253 204 252 205 251 204 250 203 249 202 248 201 249 200 250 199 251 198 250 197 249 196 249 195 248 194 247 193 247 192 246 193 245 192 244 191 244 190 243 189 243 188 242 187 243 186 244 185 245 186 246 187 246 188 247 188 246 187 247 186 246 185 245 184 245 183 244 184 243 185 242 185 241 184 240 183 239 182 239 181 240 180 241 179 242 180 243 180 244 180 245 181 246 181 245 180 245 179 245 178 246 177 247 176 247 175 247 174 246 175 245 175 244 176 243 177 242 177 241 178 240 177 239 178 240 179 239 180 238 181 237 180 236 179 235 178 234 177 234 176 234 175 234 174 235 173 236 172 237 173 238 173 239 173 240 172 241 172 242 173 242 172 243 171 243 170 243 169 243 168 243 167 243 166 243 165 243 164 243 163 243 162 244 161 244 160 243 161 242 162 241 161 240 160 240 159 240 158 240 157 240 156 239 155 239 154 238 153 237 152 237 151 236 150 235 149 234 150 233 151 232 150 231 149 230 150 230 151 229 152 228 153 227 152 226 151 227 152 227 153 227 154 227 155 227 156 227 157 228 157 229 158 230 157 231 158 232 159 231 160 230 161 230 162 230 163 230 164 230 165 229 166 229 167 229 168 229 169 230 168 231 169 232 170 231 171 231 172 230 173 229 174 228 175 227 174 226 174 225 174 224 174 223 175 222 175 221 174 220 173 220 172 221 171 221 170 220 170 219 171 218 170 217 169 217 168 216 167 217 166 216 165 215 164 216 163 216 162 216 161 215 162 214 162 213 161 212 162 211 161 210 160 211 159 212 158 213 158 213 157 212 156 213 155 214 154 215 153 216 154 217 155 217 156 218 155 217 154 216 153 216 152 215 151 215 150 216 149 217 148 218 147 219 146 220 146 221 147 222 147 223 146 224 146 225 146 225 145 224 144 223 143 222 142 221 141 220 140 219 140 218 141 217 140 216 139 215 138 214 137 215 138 214 139 214 140 214 141 214 142 214 143 215 144 216 145 215 146 214 147 213 146 212 146 211 145 210 144 209 143 209 142 208 141 207 141 206 140 205 140 206 141 206 142 206 143 206 144 206 145 207 146 207 147 208 146 209 147 210 148 210 149 210 150 210 151 210 152 210 153 211 154 211 155 212 156 212 157 211 158 210 159 209 158 208 158 207 157 206 156 207 157 207 158 208 159 208 160 208 161 207 162 206 163 205 164 204 163 203 162 202 161 201 160 200 159 201 158 200 157 199 156 198 155 197 156 196 157 195 158 194 157 193 156 192 155 191 154 192 153 193 152 194 153 195 152 196 153 195 152 196 151 197 150 198 151 197 150 197 149 197 148 197 147 197 146 197 145 197 144 198 143 199 142 200 141 201 140 202 140 203 140 202 139 202 138 202 137 201 138 200 137 199 136 198 135 199 134 199 133 199 132 199 131 199 130 199 129 198 129 197 128 196 128 196 129 196 130 196 131 196 132 195 133 194 134 193 133 192 132 192 131 192 130 192 129 192 128 191 127 190 126 190 125 190 124 190 123 190 122 189 121 189 120 189 119 189 118 188 117 187 117 186 117 185 118 184 117 183 116 183 115 182 114 182 113 183 112 182 111 182 110 182 109 181 108 181 107 181 106 180 106 179 106 178 105 177 104 178 103 178 102 178 101 178 100 177 99 177 98 176 97 176 96 175 97 174 96 173 97 173 98 173 99 173 100 174 101 174 102 174 103 175 104 175 105 176 106 176 107 176 108 177 109 177 110 178 111 178 112 178 113 179 112 180 113 181 114 182 115 183 116 182 117 182 118 182 119 182 120 183 120 184 121 185 122 184 123 185 124 186 125 187 125 188 125 189 126 190 127 189 128 188 129 187 129 186 128 185 128 184 128 183 127 184 128 184 129 184 130 184 131 183 132 182 133 181 133 180 133 179 134 178 134 177 135 176 135 175 134 174 133 175 132 174 131 173 131 172 130 171 131 170 130 169 129 169 128 169 127 168 126 168 125 167 124 168 125 168 126 167 127 166 128 165 127 164 126 163 125 162 124 163 123 164 122 165 121 166 122 165 121 164 120 163 119 163 118 162 119 161 119 161 120 162 121 161 122 160 123 159 123 158 123 157 123 156 122 155 121 154 120 155 119 156 118 157 117 157 116 156 115 156 114 157 113 158 112 159 111 160 112 161 113 162 113 163 114 163 113 163 112 162 111 161 110 161 109 161 108 160 107 159 106 158 105 157 106 156 105 155 104 154 103 155 102 156 101 155 101 154 101 153 100 152 99 152 98 153 97 154 96 155 95 155 94 155 93 156 92 157 91 158 92 157 91 157 90 156 90 155 89 154 88 153 89 152 88 151 87 152 86 153 85 153 84 153 83 154 82 155 81 155 80 154 81 153 82 152 83 151 83 150 82 149 81 149 80 148 79 147 78 146 77 147 76 148 75 149 76 150 76 151 77 152 78 153 77 154 76 155 77 156 77 155 76 155 75 154 74 153 74 154 75 153 76 152 77 151 77 150 76 149 76 148 75 147 74 147 73 146 72 145 71 146 70 145 69 146 68 147 67 146 66 147 65 148 64 149 65 149 64 148 63 147 63 
29 289 55 289 56 289 57 289 58 288 59 288 60 288 61 288 62 289 63 289 64 289 65 289 66 290 67 290 68 291 69 291 68 291 67 290 66 290 65 291 64 292 63 291 62 291 61 291 60 291 59 291 58 291 57 290 56 290 55 
38 219 49 219 50 218 51 217 52 216 53 216 54 217 55 216 56 215 57 214 56 213 56 212 57 212 58 212 59 211 60 210 61 210 62 209 63 210 62 210 61 211 60 212 59 213 59 214 58 215 57 216 57 217 57 218 56 219 56 220 55 220 54 221 53 220 53 219 54 218 53 217 52 218 51 219 50 
15 270 48 270 49 270 50 270 51 270 52 270 53 270 54 271 55 272 54 272 53 272 52 271 51 272 50 271 49 271 48 
105 159 39 159 40 159 41 159 42 159 43 158 44 157 45 156 44 155 45 154 45 153 45 152 44 152 45 152 46 152 47 152 48 151 49 150 50 149 49 148 50 148 51 149 52 149 53 149 54 150 54 151 55 152 56 151 57 150 58 149 57 150 58 151 59 152 60 153 59 154 60 155 61 154 62 154 63 155 62 156 61 157 60 158 60 159 61 158 60 157 60 156 59 155 59 154 58 153 57 152 56 153 55 152 54 152 53 151 52 151 51 150 50 151 49 152 48 153 49 154 50 154 51 155 52 156 52 157 52 158 51 159 51 160 52 161 53 161 54 161 55 160 56 161 57 162 58 163 58 164 58 165 57 165 56 166 55 166 54 166 53 166 52 166 51 166 50 166 49 166 50 166 51 166 52 165 53 164 54 163 53 162 53 161 52 160 51 160 50 161 49 162 48 162 47 162 46 161 45 160 44 160 43 161 42 160 41 160 40 160 39 
17 153 33 153 34 153 35 153 36 153 37 153 38 153 39 153 40 154 41 155 41 155 40 155 39 155 38 155 37 155 36 155 35 154 34 
16 226 25 225 26 224 26 225 27 225 28 225 29 226 30 227 31 228 32 229 31 229 30 229 29 229 28 228 28 227 27 226 26 
13 283 23 282 24 281 25 282 26 283 26 284 27 285 28 285 27 286 26 286 25 286 24 285 24 284 23 
37 173 10 173 11 172 12 171 13 170 13 169 13 168 13 167 14 167 15 167 16 168 17 169 18 168 19 167 20 167 21 167 22 168 23 169 23 170 22 171 22 172 21 173 20 174 21 175 21 176 21 176 20 175 19 174 19 173 18 172 17 173 16 174 15 174 14 175 13 175 12 174 11 174 10 
28 211 3 210 4 210 5 211 5 212 6 213 7 212 8 212 9 211 10 211 11 211 12 211 13 212 13 213 13 214 13 215 14 216 14 216 13 216 12 216 11 216 10 216 9 215 9 214 8 213 7 214 6 213 5 212 4 
17 169 1 169 2 170 3 171 3 172 4 173 5 174 6 175 6 176 5 175 4 174 3 174 2 174 1 173 1 172 1 171 1 170 1 
