14.5 20 0.725 24.7279 20.2784 2.52669 10.2186 0.968948 116.022 
14 15.5 0.903226 17.3137 17.0504 3.21649 6.74938 0.879142 86.9224 
197.5 373.5 0.528782 124.953 344.692 15.3739 28.5468 0.842593 114.245 
37.5 55 0.681818 33.5563 62.8178 8.10262 9.87115 0.57116 89.1732 
53 71.5 0.741259 38.2843 69.0942 7.46158 11.7902 0.774264 6.57351 
20 24.5 0.816327 22.1421 28.237 4.01138 8.96262 0.89425 62.1251 
37.5 67 0.559701 38.8701 72.534 8.96571 10.3007 0.492351 148.471 
24.5 32 0.765625 27.5563 30.5279 3.57808 10.8632 0.944198 8.03265 
10.5 11.5 0.913043 14.2426 12.988 2.91689 5.66933 0.857488 70.1145 
13.5 21 0.642857 22.7279 23.0361 3.19797 9.17158 0.937241 71.5814 
31 62 0.5 41.799 68.7009 8.06941 10.84 0.667724 70.298 
19 22 0.863636 21.3137 24.2844 4.31989 7.15755 0.79733 108.521 
497.5 1113.5 0.446789 271.747 968.571 24.1676 51.028 0.880733 65.7722 
193.5 375.5 0.515313 114.468 393.923 16.1068 31.1395 0.855837 43.882 
13 20.5 0.634146 21.3137 26.55 4.55821 7.41617 0.788815 138.909 
15 18 0.833333 18.4853 22.881 5.03194 5.78961 0.494581 136.03 
28 34 0.823529 24.1421 34.4041 5.98764 7.31585 0.574582 83.9817 
27 52 0.519231 38.2843 48.3691 4.73092 13.0176 0.931624 47.0272 
45.5 81.5 0.558282 50.8701 71.0218 5.77958 15.6461 0.929273 160.875 
20 35.5 0.56338 29.799 34.0525 5.42433 7.99305 0.734479 90.5746 
36 54 0.666667 34.6274 56.5319 7.02034 10.2529 0.728807 150.032 
27.5 35.5 0.774648 26.3848 37.2449 5.55573 8.53564 0.759176 94.0406 
27.5 32.5 0.846154 23.5563 35.5467 5.28691 8.56067 0.786507 128.593 
20 23.5 0.851064 21.3137 24.0149 3.82642 7.99095 0.8779 9.03688 
11.5 15.5 0.741935 17.8995 20.0757 3.69109 6.92509 0.846113 127.329 
65 85.5 0.760234 45.1127 79.979 5.82428 17.4841 0.942885 45.4493 
17 35 0.485714 30.1421 35.7514 4.62554 9.84103 0.882653 46.9272 
35.5 70 0.507143 40.8701 78.1462 9.11559 10.9152 0.550058 106.076 
33 55.5 0.594595 40.6274 60.7381 5.59695 13.8172 0.914285 113.292 
11.5 13 0.884615 14.2426 13.9752 3.72547 4.77624 0.62578 126.836 
357.5 735.5 0.486064 216.836 615.813 19.3407 40.5404 0.878864 52.5811 
10.5 13 0.807692 17.8995 16.4857 2.8181 7.4484 0.925663 35.6027 
16 24.5 0.653061 22.1421 27.2383 5.18662 6.6866 0.631134 61.6532 
19.5 22 0.886364 19.0711 22.4804 4.1863 6.8373 0.790647 81.0382 
21 22.5 0.933333 18.4853 23.3603 4.64518 6.40303 0.688258 66.3726 
19 24.5 0.77551 24.9706 26.0101 3.2288 10.2568 0.949159 54.7803 
14 16.5 0.848485 16.4853 17.6191 3.61022 6.21382 0.813904 98.1365 
58 134.5 0.431227 68.9117 124.91 7.84537 20.2719 0.922076 150.811 
44 47.5 0.926316 29.3137 47.2251 4.9297 12.1973 0.914686 160.26 
37.5 69.5 0.539568 39.2132 71.3781 8.18335 11.1056 0.676041 148.289 
11.5 11.5 1 13.0711 12.7627 3.18559 5.10111 0.781033 99.2104 
23.5 32 0.734375 25.5563 33.6107 4.5806 9.34255 0.871557 150.795 
16 18.5 0.864865 17.6569 19.6388 4.29909 5.81634 0.673552 19.4796 
30 37 0.810811 24.9706 38.3987 6.45314 7.57627 0.523938 71.8963 
30.5 43 0.709302 29.2132 46.2213 6.16337 9.54847 0.763775 90.2876 
11.5 11.5 1 14.2426 15.0699 3.66535 5.23487 0.713966 45 
16 18 0.888889 17.6569 18.4233 3.55622 6.59611 0.842217 73.4614 
29 31 0.935484 21.6569 32.3148 5.79907 7.09502 0.576151 49.6247 
49 99 0.494949 58.7696 92.4147 8.16374 14.4133 0.824127 10.0935 
33 47 0.702128 34.1421 43.3165 4.21331 13.09 0.946783 5.99168 
16.5 20.5 0.804878 19.0711 20.8763 3.70323 7.17766 0.856626 88.6557 
20.5 29.5 0.694915 27.5563 28.807 3.33614 10.9942 0.952849 44.0053 
202.5 391 0.517903 145.924 318.764 12.7868 31.7408 0.915266 54.4781 
34 52.5 0.647619 38.6274 52.4394 6.57039 10.1619 0.762856 62.3129 
17 39 0.435897 33.799 40.0123 4.15538 12.2601 0.940809 50.4399 
19 21 0.904762 21.3137 22.0139 3.11285 9.00427 0.938342 173.167 
30.5 40.5 0.753086 30.3848 40.7085 4.80428 10.7887 0.895377 105.43 
15.5 17 0.911765 15.8995 17.8398 4.62989 4.90602 0.330755 122.34 
15 18 0.833333 18.4853 19.6188 4.42897 5.64001 0.619146 178.785 
23.5 27.5 0.854545 20.7279 28.0001 5.56254 6.40909 0.496714 127.511 
22 28.5 0.77193 26.1421 32.9879 4.08455 10.283 0.917726 110.162 
13.5 18.5 0.72973 19.8995 19.2815 3.78134 6.49238 0.812882 100.64 
15 16.5 0.909091 17.3137 18.2385 3.182 7.29792 0.899939 112.492 
58 118.5 0.489451 57.9411 132.399 8.73254 19.3043 0.891834 79.931 
24.5 27 0.907407 19.8995 27.4164 5.39035 6.47596 0.554231 148.992 
35.5 38.5 0.922078 23.8995 38.1857 6.21774 7.81949 0.6064 125.997 
21.5 25 0.86 20.7279 25.2338 4.72307 6.80249 0.719672 81.0089 
11.5 14 0.821429 15.8995 15.1377 3.71372 5.18994 0.698551 73.3822 
20 39 0.512821 32.6274 41.4725 5.04816 10.4601 0.875835 173.144 
18.5 27 0.685185 26.7279 31.3093 3.67736 10.8404 0.940705 160.49 
29 38 0.763158 27.799 39.0882 5.14368 9.6757 0.846991 105.543 
11 14.5 0.758621 18.4853 17.4699 2.94808 7.54503 0.920505 169.694 
11.5 24 0.479167 34.7279 22.0662 1.89664 14.8134 0.99177 16.2916 
85 149 0.57047 67.598 150.406 8.132 23.5494 0.938486 62.5687 
25 31 0.806452 25.3137 31.0054 3.8847 10.1622 0.924051 159.346 
12 13.5 0.888889 15.6569 15.3795 3.27829 5.97316 0.835929 53.7407 
31 67 0.462687 49.1127 62.5782 5.82396 13.6809 0.904865 65.3187 
12.5 16.5 0.757576 17.8995 17.3548 3.78344 5.84039 0.761805 68.8873 
22.5 32.5 0.692308 28.3848 31.7818 3.75691 10.771 0.937198 164.322 
20.5 22.5 0.911111 19.0711 25.9738 5.48034 6.03446 0.418596 69.9831 
34.5 73 0.472603 44.8701 71.2934 5.73029 15.841 0.93228 150.923 
13.5 24.5 0.55102 23.5563 29.9368 5.32204 7.16205 0.669192 169.083 
11 14 0.785714 16.4853 15.6492 3.01464 6.60947 0.889924 153.528 
41.5 51.5 0.805825 37.8995 51.0632 3.83756 16.9419 0.974008 12.6823 
25 30.5 0.819672 26.4853 29.6699 3.48762 10.8317 0.946746 6.5594 
14.5 16 0.90625 15.8995 17.7359 3.91071 5.7744 0.735753 12.9398 
13 18.5 0.702703 19.3137 18.5023 4.08962 5.76039 0.704247 6.53445 
27 37 0.72973 28.1421 36.1953 4.37801 10.5265 0.909409 176.818 
14.5 18.5 0.783784 19.8995 22.1548 3.99693 7.05751 0.824173 158.488 
10.5 12 0.875 14.2426 13.7371 2.97694 5.87538 0.862134 78.7004 
117 328.5 0.356164 134.51 298.463 15.6468 24.2871 0.76482 37.5778 
259.5 642 0.404206 207.179 572.213 22.8354 31.905 0.698376 104.773 
14.5 16 0.90625 17.8995 18.6372 3.33084 7.12424 0.883974 93.2288 
23 31 0.741935 24.9706 32.4025 5.14496 8.01876 0.767027 179.561 
18.5 21 0.880952 19.0711 24.2433 3.88114 7.95321 0.872846 99.2285 
16.5 26.5 0.622642 28.3848 27.4798 3.54544 9.86857 0.933235 86.3605 
15.5 23.5 0.659574 23.5563 22.7415 3.83571 7.54888 0.861289 102.911 
21.5 28.5 0.754386 27.5563 29.2019 4.37425 8.49998 0.857419 88.2988 
14 16 0.875 16.4853 16.6751 3.21565 6.60252 0.873383 25.3727 
18 19 0.947368 16.4853 19.5171 4.38588 5.6659 0.633084 125.668 
67.5 157.5 0.428571 72.3259 162.578 11.6674 17.7417 0.753345 105.217 
24.5 38.5 0.636364 29.5563 40.6544 4.7111 10.9874 0.903412 100.922 
13.5 16 0.84375 16.7279 18.1011 4.4067 5.23001 0.538572 150.058 
27 41.5 0.650602 30.9706 41.3062 5.40971 9.7219 0.830884 123.784 
21 31 0.677419 27.799 30.6379 3.21306 12.1409 0.964345 119.535 
14 19 0.736842 19.6569 20.9525 3.51518 7.58924 0.886265 166.655 
17.5 19 0.921053 17.0711 21.0463 4.84821 5.52718 0.480204 108.085 
26 42.5 0.611765 32.6274 40.0484 4.73635 10.7659 0.898028 170.9 
13.5 13.5 1 15.8995 16.3389 3.08374 6.74613 0.889409 124.621 
127 241 0.526971 97.0538 232.46 12.1862 24.2881 0.865022 112.384 
13 16 0.8125 18.4853 24.0595 5.00952 6.11507 0.573495 159.009 
14 17.5 0.8 17.6569 19.1557 3.88336 6.2806 0.785935 100.531 
110.5 206.5 0.535109 75.8406 206.757 12.7673 20.6192 0.785238 64.4793 
42 54 0.777778 33.799 51.2404 5.42066 12.0357 0.892835 83.6667 
15.5 20.5 0.756098 22.7279 21.2547 3.28612 8.23533 0.916939 84.4952 
18.5 27 0.685185 28.7279 24.502 2.67846 11.6473 0.973199 12.2219 
54 91.5 0.590164 54.2843 84.9457 5.89113 18.3592 0.947119 161.591 
12.5 15 0.833333 15.8995 16.6937 4.22543 5.03029 0.54259 141.568 
17.5 23.5 0.744681 22.7279 24.4721 3.86529 8.06118 0.877545 16.5185 
24 32.5 0.738462 30.9706 31.9909 3.08449 13.2055 0.972338 23.074 
26 40 0.65 31.799 38.5424 6.35528 7.72173 0.567987 152.538 
130 307 0.423453 117.196 279.905 16.1655 22.0461 0.679951 125.523 
46 87.5 0.525714 54.2843 76.5661 4.94829 19.7011 0.967943 100.876 
211 341.5 0.617862 96.9117 327.805 17.0399 24.4939 0.718351 117.946 
12 12.5 0.96 14.8284 14.9055 3.17117 5.98462 0.848068 77.3009 
131 233.5 0.561028 84.0833 219.082 9.62352 28.9857 0.943276 121.177 
39.5 41.5 0.951807 28.3848 43.3181 4.57545 12.0544 0.925164 134.993 
10.5 13.5 0.777778 15.8995 14.6405 3.30222 5.64493 0.811042 4.29615 
33 42.5 0.776471 28.9706 42.1556 5.53741 9.69301 0.820756 178.439 
21.5 23 0.934783 23.0711 24.5303 3.04266 10.265 0.95506 97.9815 
11.5 21 0.547619 22.7279 27.0781 3.97284 8.67816 0.889057 179.332 
116.5 216 0.539352 86.3259 198.585 12.6095 20.052 0.777532 80.786 
44.5 124 0.358871 67.3553 123.472 7.24179 21.7087 0.942719 83.7099 
16.5 27.5 0.6 27.5563 35.14 4.32911 10.3351 0.908044 156.402 
88.5 219.5 0.403189 85.1543 193.258 11.9531 20.5857 0.814153 156.258 
12.5 15 0.833333 15.8995 15.6981 4.05857 4.92475 0.566417 145.938 
17.5 22.5 0.777778 20.7279 23.9846 4.2036 7.26476 0.815591 107.097 
50 66 0.757576 37.799 74.8608 8.65278 11.0156 0.618861 43.9774 
130 214 0.607477 86.5685 178.102 8.72399 25.9934 0.941996 115.611 
18.5 23 0.804348 21.8995 23.3013 3.5521 8.35227 0.905059 104.07 
77.5 117 0.662393 56.8701 127.483 7.86591 20.6354 0.924498 77.1417 
12.5 17.5 0.714286 18.7279 20.3834 4.28228 6.06054 0.707628 121.471 
31 40 0.775 27.799 38.4321 5.28419 9.26033 0.82121 117.25 
32.5 39.5 0.822785 28.3848 39.1238 5.37607 9.26588 0.814474 94.8392 
107.5 302.5 0.355372 132.752 292.12 16.8337 22.0949 0.64772 80.9247 
168 263 0.638783 94.9117 252.313 9.65869 33.2607 0.956907 108.421 
53 69 0.768116 37.4558 68.2029 6.33226 13.7137 0.887012 42.2585 
13.5 32.5 0.415385 34.0416 33.9704 3.85125 11.2308 0.939365 41.5998 
1471 2777.5 0.529613 535.897 2487.3 31.6564 100.041 0.948614 160.778 
78.5 103.5 0.758454 48.5269 103.318 9.78803 13.4398 0.68527 108.416 
47 53.5 0.878505 29.799 53.7363 6.50778 10.5134 0.785393 118.41 
13.5 17 0.794118 19.8995 17.2422 2.67648 8.20236 0.945264 113.137 
12 14 0.857143 16.4853 14.3165 2.8052 6.49805 0.902018 139.726 
70.5 99 0.712121 48.0416 97.6186 9.39812 13.2252 0.703574 127.202 
13.5 14 0.964286 14.2426 15.015 3.99869 4.78099 0.548161 128.708 
207 480 0.43125 152.652 444.359 14.3721 39.3662 0.930973 111.163 
17.5 29 0.603448 25.5563 28.6119 5.16928 7.04735 0.679682 34.6788 
33.5 36 0.930556 22.7279 35.7237 6.10591 7.44932 0.572849 30.5417 
14.5 45 0.322222 39.6985 41.6795 6.3363 8.37523 0.653932 36.255 
14 35.5 0.394366 33.4558 36.1713 5.00443 9.2028 0.839219 27.2322 
34.5 53 0.650943 38.0416 48.766 4.29974 14.4406 0.954643 142.15 
14 14.5 0.965517 14.4853 15.756 3.8821 5.16759 0.66003 97.8661 
10.5 26 0.403846 28.3848 27.5033 3.68697 9.49787 0.92158 178.711 
712 1513 0.470588 347.103 1357.9 23.8941 72.3584 0.943905 101.204 
71.5 125 0.572 60.1838 120.061 8.57475 17.8275 0.876729 131.895 
107 179 0.597765 74.0833 163.547 12.2373 17.0165 0.694861 109.717 
39.5 53 0.745283 36.0416 50.8432 4.19904 15.4168 0.962193 152.611 
43 84.5 0.508876 51.1127 80.1545 7.7807 13.1166 0.805058 98.7209 
851.5 2521 0.337763 544.08 2080.97 38.9774 67.9773 0.819284 127.839 
26.5 30 0.883333 21.8995 31.6183 5.22445 7.70563 0.735058 139.307 
19.5 39.5 0.493671 33.5563 42.6362 4.77634 11.3656 0.907411 169.792 
17.5 21.5 0.813953 20.7279 23.1762 4.04251 7.29964 0.832653 0.119064 
24.5 52 0.471154 37.5563 54.1956 5.25006 13.1435 0.916758 20.7824 
137 250 0.548 91.397 255.632 13.7776 23.6239 0.812325 131.653 
2311 7688 0.300598 1293.01 6313.94 68.5763 117.229 0.811052 87.8064 
48 51.5 0.932039 28.6274 51.744 7.7006 8.55551 0.435736 82.7691 
12 15.5 0.774194 19.3137 18.6989 3.08124 7.72683 0.91705 24.2556 
25 36.5 0.684932 30.1421 34.3666 4.07823 10.7294 0.924946 12.1169 
24 53.5 0.448598 40.9706 57.047 5.62662 12.9091 0.900012 157.431 
11 16 0.6875 24.9706 16.7807 2.16339 9.87612 0.975713 122.696 
11 18 0.611111 24.9706 20.865 2.53742 10.4698 0.970187 112.892 
20.5 53.5 0.383178 42.0416 48.8313 6.08383 10.2195 0.803493 174.422 
666 821 0.811206 160.652 751.847 19.2012 49.8554 0.922859 133.377 
14.5 16 0.90625 15.8995 18.817 4.80431 4.98689 0.268108 3.77601 
15 16.5 0.909091 16.4853 17.3501 3.5641 6.19815 0.818136 106.746 
674 1611.5 0.418244 373.931 1469.17 30.5089 61.3133 0.867412 141.144 
15 18 0.833333 18.4853 19.5475 4.15611 5.98845 0.719954 69.813 
30.5 35 0.871429 28.3848 36.0566 3.90711 11.75 0.943097 129.515 
348.5 514.5 0.677357 135.924 447.969 16.8789 33.7919 0.866316 160.074 
27 109.5 0.246575 66.0833 94.0506 9.36033 12.7932 0.681668 171.352 
18.5 23 0.804348 21.5563 23.6833 3.65662 8.24654 0.896318 152.696 
120.5 182.5 0.660274 84.669 159.466 6.68213 30.3852 0.975519 164.439 
18.5 55.5 0.333333 44.5269 52.6111 5.12362 13.0741 0.920011 43.9012 
12 19 0.631579 20.1421 19.2934 3.77601 6.50557 0.814312 125.162 
60.5 69 0.876812 34.3848 66.1418 6.48813 12.9798 0.866103 172.742 
24 26.5 0.90566 20.4853 28.8139 5.46363 6.71478 0.581324 28.9281 
27 52.5 0.514286 36.6274 49.8585 6.37598 9.9564 0.768049 136.3 
149.5 272 0.549632 98.8112 246.616 15.4744 20.2916 0.64687 173.388 
58 124.5 0.465863 66.4264 123.229 10.1356 15.4801 0.755843 144.513 
36.5 116.5 0.313305 59.3553 180.288 12.0546 19.0425 0.77412 165.091 
3614 8840 0.408824 1289.93 6653.92 50.848 166.615 0.952294 139.505 
26.5 37.5 0.706667 32.7279 34.0417 3.41197 12.7033 0.963255 173.755 
19 51.5 0.368932 47.9411 57.0404 4.26956 17.0102 0.967987 41.9838 
10.5 12 0.875 17.0711 13.3367 2.22284 7.63926 0.95673 176.787 
119.5 293.5 0.407155 129.439 245.912 15.6178 20.0479 0.62699 15.7077 
13.5 13.5 1 18.2426 16.7775 2.20492 9.68824 0.973758 177.545 
16 20 0.8 19.3137 20.0735 3.52723 7.24601 0.873523 147.92 
13.5 15.5 0.870968 15.8995 17.5533 4.07317 5.48701 0.670035 126.29 
63.5 91.5 0.693989 44.8701 91.9554 9.29367 12.598 0.675114 15.4334 
31 45 0.688889 32.9706 47.0313 5.38363 11.123 0.875063 157.574 
17.5 21 0.833333 19.8995 23.5166 3.89709 7.68325 0.861818 126.253 
